6.309573444801930236e+03 5.794389477569126395e-02 5.121383999999999936e+00 9.195779999999999177e+00 5.628980000000000317e+00
8.208914159638254205e+03 4.860064102577402179e-02 6.114384000000000263e+00 1.039375000000000071e+01 6.696132999999999669e+00
1.068000432514575550e+04 4.039960817654954933e-02 7.264270999999999923e+00 1.172569000000000017e+01 7.931573000000000206e+00
1.389495494373135989e+04 3.331790317959711784e-02 8.592955999999999150e+00 1.321585999999999927e+01 9.356101999999999919e+00
1.807768676963434336e+04 2.728765212661387468e-02 1.013045999999999935e+01 1.489579999999999949e+01 1.098957000000000050e+01
2.351952635070956603e+04 2.418107537679834579e-02 1.201816999999999958e+01 1.697306999999999988e+01 1.337163999999999930e+01
3.059949687207195893e+04 2.270829511631522121e-02 1.439869000000000021e+01 2.085704000000000136e+01 1.685659000000000063e+01
3.981071705534969078e+04 2.138405298300984428e-02 1.154242999999999952e+01 2.587525000000000119e+01 2.124959000000000131e+01
5.179474679231212940e+04 2.018700744798876748e-02 1.195748000000000033e+01 3.227315999999999718e+01 2.682279000000000124e+01
6.738627168030940811e+04 1.908630812438461347e-02 1.283563000000000009e+01 4.039282999999999646e+01 3.389833000000000141e+01
8.767123872968686919e+04 1.807415455937731383e-02 1.371650999999999954e+01 5.070568000000000097e+01 4.286784999999999712e+01
1.140624923851320345e+05 1.714761536519015042e-02 1.442656000000000027e+01 6.376905000000000001e+01 5.424723999999999791e+01
1.483981788967563189e+05 1.628399248316244816e-02 1.507558000000000042e+01 8.030176000000000158e+01 6.868346999999999980e+01
1.930697728883249511e+05 1.547851089177316314e-02 1.568895999999999979e+01 1.012378999999999962e+02 8.700946999999999321e+01
2.511886431509582035e+05 1.473576634195412731e-02 1.625459999999999994e+01 1.277707999999999942e+02 1.102713999999999999e+02
3.268027589410125511e+05 1.404471341334900987e-02 1.676406000000000063e+01 1.614224000000000103e+02 1.398166999999999973e+02
4.251786303382885526e+05 1.340021005380549052e-02 1.721306999999999832e+01 2.041323999999999899e+02 1.773736000000000104e+02
5.531681197617227444e+05 1.279766140068183851e-02 1.760126999999999953e+01 2.583720000000000141e+02 2.251037000000000035e+02
7.196856730011528125e+05 1.223907904293667498e-02 1.793141999999999925e+01 3.272912999999999784e+02 2.857687000000000239e+02
9.363292088239416480e+05 1.170814984335817426e-02 1.820836999999999861e+01 4.149057000000000244e+02 3.629814999999999827e+02
1.218187912010114873e+06 1.121746919251706553e-02 1.843814000000000064e+01 5.263346999999999980e+02 4.611091000000000122e+02
1.584893192461114144e+06 1.075693536978960044e-02 1.862709999999999866e+01 6.681060999999999694e+02 5.859602999999999611e+02
