6.309573444801930236e+03 6.102929511724310835e-02 4.354251999999999789e+00 8.531639999999999446e+00 4.868668999999999691e+00
8.208914159638254205e+03 5.177547166509123555e-02 5.230625999999999998e+00 9.647273999999999461e+00 5.823367000000000182e+00
1.068000432514575550e+04 4.355647414072810752e-02 6.249806999999999668e+00 1.088264999999999993e+01 6.935805000000000220e+00
1.389495494373135989e+04 3.629527240420639400e-02 7.431803000000000381e+00 1.225933999999999990e+01 8.223952999999999847e+00
1.807768676963434336e+04 2.997355356405685678e-02 8.801648000000000138e+00 1.380522000000000027e+01 9.708724999999999383e+00
2.351952635070956603e+04 2.467061913452004221e-02 1.039666000000000068e+01 1.555502000000000073e+01 1.140029999999999966e+01
3.059949687207195893e+04 2.258739746735456688e-02 1.230258000000000074e+01 1.805009000000000086e+01 1.416538000000000075e+01
3.981071705534969078e+04 2.126444870879017762e-02 1.357625999999999955e+01 2.234849000000000174e+01 1.788145000000000095e+01
5.179474679231212940e+04 2.005877822400993493e-02 1.491484999999999950e+01 2.783377000000000123e+01 2.258791000000000082e+01
6.738627168030940811e+04 1.897311494415526364e-02 1.599351000000000056e+01 3.480243999999999716e+01 2.855629000000000062e+01
8.767123872968686919e+04 1.796538885124356749e-02 1.702351000000000170e+01 4.363645999999999958e+01 3.612091000000000207e+01
1.140624923851320345e+05 1.704274422339632430e-02 1.801351999999999975e+01 5.481625999999999976e+01 4.565890999999999877e+01
1.483981788967563189e+05 1.618832459947848121e-02 1.173746000000000045e+01 6.896687000000000012e+01 5.776205000000000211e+01
1.930697728883249511e+05 1.539148424017429059e-02 1.212947999999999915e+01 8.688295999999999708e+01 7.319266000000000361e+01
2.511886431509582035e+05 1.464834363345797301e-02 1.248347000000000051e+01 1.095782999999999987e+02 9.279582999999999515e+01
3.268027589410125511e+05 1.396239134930920764e-02 1.279570999999999970e+01 1.383463999999999885e+02 1.176935000000000002e+02
4.251786303382885526e+05 1.332391710672795222e-02 1.306520000000000081e+01 1.748337999999999965e+02 1.493299000000000092e+02
5.531681197617227444e+05 1.273261457954221951e-02 1.329335000000000022e+01 2.211353000000000009e+02 1.895357999999999947e+02
7.196856730011528125e+05 1.219590864171884656e-02 1.348335999999999935e+01 2.799837999999999738e+02 2.406735999999999933e+02
9.363292088239416480e+05 1.167087422084671366e-02 1.363951999999999920e+01 3.547828999999999837e+02 3.057352000000000203e+02
1.218187912010114873e+06 1.115873531812050859e-02 1.376659000000000077e+01 4.498537000000000035e+02 3.885704000000000065e+02
1.584893192461114144e+06 1.069570648695847455e-02 1.386927999999999983e+01 5.707220999999999549e+02 4.939678999999999860e+02