6.309573444801930236e+03 6.632344743574997148e-02 3.102006999999999959e+00 1.677286000000000143e+01 3.366359000000000101e+00
8.208914159638252386e+03 5.810115179801596946e-02 3.781047000000000047e+00 1.789365000000000094e+01 4.095425999999999789e+00
1.068000432514575368e+04 5.048180063046354971e-02 4.585169999999999746e+00 1.912658000000000058e+01 4.960446000000000133e+00
1.389495494373135989e+04 4.336152611958796893e-02 5.530986999999999654e+00 2.047519000000000133e+01 5.971635000000000026e+00
1.807768676963434336e+04 3.683065601711321690e-02 6.637298999999999616e+00 2.194361999999999924e+01 7.147357999999999656e+00
2.351952635070956603e+04 3.091696608865827228e-02 7.925440000000000040e+00 2.353832999999999842e+01 8.504191000000000500e+00
3.059949687207195893e+04 2.580242052936184555e-02 9.420035999999999632e+00 2.526742000000000132e+01 1.006545999999999985e+01
3.981071705534969078e+04 2.231814747407209754e-02 1.116600999999999999e+01 2.714016000000000162e+01 1.207793999999999990e+01
5.179474679231212212e+04 2.195970191762174756e-02 1.394103999999999921e+01 2.916593999999999909e+01 1.546962000000000081e+01
6.738627168030940811e+04 2.166306058202584553e-02 1.779626000000000019e+01 3.135206000000000159e+01 2.007674000000000092e+01
8.767123872968685464e+04 2.029547297372219505e-02 2.282432999999999979e+01 3.369749999999999801e+01 2.619150000000000134e+01
1.140624923851320200e+05 1.966815067640138859e-02 2.927805000000000035e+01 3.898058999999999941e+01 3.395389000000000124e+01
1.483981788967563189e+05 2.030513141642458635e-02 3.522697999999999752e+01 4.879361000000000104e+01 4.253072000000000230e+01
1.930697728883249802e+05 5.899301707736025191e-03 3.577929999999999922e+01 6.324280000000000257e+01 4.740588000000000335e+01
2.511886431509582326e+05 -1.591733591479773183e-02 2.295618999999999943e+01 9.793290000000000362e+01 4.782957999999999998e+01
