/*--------------------------------*- C++ -*----------------------------------*\
| =========                 |                                                 |
| \\      /  F ield         | OpenFOAM: The Open Source CFD Toolbox           |
|  \\    /   O peration     | Version:  2412                                  |
|   \\  /    A nd           | Website:  www.openfoam.com                      |
|    \\/     M anipulation  |                                                 |
\*---------------------------------------------------------------------------*/
FoamFile
{
    version     2.0;
    format      ascii;
    arch        "LSB;label=32;scalar=64";
    class       volScalarField;
    location    "0.0004";
    object      yPlus;
}
// * * * * * * * * * * * * * * * * * * * * * * * * * * * * * * * * * * * * * //

dimensions      [0 0 0 0 0 0 0];

internalField   uniform 0;

boundaryField
{
    inlet
    {
        type            calculated;
        value           uniform 0;
    }
    outlet
    {
        type            calculated;
        value           uniform 0;
    }
    pipe
    {
        type            calculated;
        value           nonuniform List<scalar> 
12000
(
25.4943
23.7487
22.0674
21.0214
20.3406
19.5081
18.58
17.731
16.932
16.1957
15.5346
14.9662
14.5111
14.1842
13.985
13.8957
13.8939
13.9563
14.0593
14.1848
14.3255
14.4607
14.5821
14.6874
14.7765
14.8509
14.9123
14.9626
15.0037
15.0371
15.0643
15.0864
15.1043
15.1188
15.1307
15.1403
15.1482
15.1547
15.1603
15.1649
15.1686
15.1715
15.1738
15.1757
15.1772
15.1784
15.1794
15.1802
15.1808
15.1813
15.1817
15.182
15.1823
15.1825
15.1827
15.1828
15.1829
15.1829
15.183
15.183
15.1831
15.1831
15.1831
15.1831
15.1831
15.1831
15.1831
15.1831
15.1831
15.1831
15.1831
15.1831
15.1831
15.1831
15.1831
15.1831
15.1831
15.1831
15.1831
15.1831
15.1831
15.183
15.183
15.183
15.183
15.183
15.183
15.183
15.183
15.183
15.183
15.183
15.183
15.183
15.183
15.183
15.183
15.183
15.183
15.183
15.183
15.183
15.183
15.183
15.183
15.183
15.183
15.183
15.183
15.183
15.183
15.183
15.183
15.183
15.183
15.183
15.183
15.183
15.183
15.183
15.183
15.183
15.183
15.183
15.183
15.183
15.183
15.183
15.183
15.183
15.183
15.183
15.183
15.183
15.183
15.183
15.183
15.183
15.183
15.183
15.183
15.183
15.183
15.183
15.183
15.183
15.183
15.183
15.183
15.183
15.183
15.183
15.183
15.183
15.183
15.183
15.183
15.183
15.183
15.183
15.183
15.183
15.183
15.183
15.183
15.183
15.183
15.183
15.183
15.183
15.183
15.183
15.183
15.183
15.183
15.183
15.183
15.183
15.183
15.183
15.183
15.183
15.183
15.183
15.183
15.183
15.183
15.183
15.183
15.183
15.183
15.183
15.183
15.183
15.183
15.183
15.183
15.1831
15.1831
15.1831
15.1831
15.1831
15.1831
15.1831
15.183
15.183
15.183
15.183
15.183
15.183
15.183
15.183
15.183
15.183
15.183
15.183
15.183
15.183
15.183
15.183
15.183
15.183
15.1831
15.1831
15.1831
15.1831
15.1831
15.183
15.183
15.183
15.183
15.183
15.183
15.183
15.183
15.183
15.1831
15.1831
15.1831
15.1831
15.1831
15.1831
15.1831
15.1831
15.1831
15.1831
15.1831
15.1831
15.1831
15.1831
15.1831
15.183
15.183
15.183
15.1831
15.1831
15.1831
15.1831
15.1831
15.1831
15.1831
15.1831
15.1831
15.1831
15.1831
15.1831
15.1831
15.1831
15.1831
15.1831
15.1831
15.1831
15.1831
15.1831
15.1831
15.1831
15.1831
15.1831
15.1831
15.1831
15.1831
15.1831
15.1831
15.1831
15.1831
15.1831
15.1831
15.1831
15.1831
15.1831
15.1831
15.1831
15.1831
15.1831
15.1831
15.1831
15.1831
15.1831
15.1831
15.1831
15.1831
15.1831
15.1831
15.1831
15.1831
15.1831
15.1831
15.1831
15.1831
15.1831
15.1831
15.1831
15.1831
15.1831
15.1831
15.1831
15.1831
15.1831
15.1831
15.1831
15.1831
15.1831
15.1831
15.1831
15.1831
15.1831
15.1831
15.1831
15.1831
15.1831
15.1831
15.1831
15.1831
15.1831
15.1831
15.1831
15.1831
15.1831
15.1831
15.1831
15.1831
15.1831
15.1831
15.1831
15.1831
15.1831
15.1831
15.1831
15.1831
15.1831
15.1831
15.1831
15.1831
15.1831
15.1831
15.1831
15.1831
15.1831
15.1831
15.1831
15.1831
15.1831
15.1831
15.1831
15.1831
15.1831
15.1831
15.1831
15.1831
15.1831
15.1831
15.1831
15.1831
15.1831
15.1831
15.1831
15.1831
15.1831
15.1831
15.1831
15.1831
15.1831
15.1831
15.1831
15.1831
15.1831
15.1831
15.1831
15.1831
15.1831
15.1831
15.1831
15.1831
15.1831
15.1831
15.1831
15.1831
15.1831
15.1831
15.1831
15.1831
15.1831
15.1831
15.1831
15.1831
15.1831
15.1831
15.1831
15.1831
15.1831
15.1832
15.1832
15.1832
15.1832
15.1832
15.1832
15.1832
15.1832
15.1832
15.1832
15.1832
15.1832
15.1832
15.1832
15.1832
15.1832
15.1832
15.1832
15.1832
15.1832
15.1832
15.1832
15.1832
15.1832
15.1832
15.1832
15.1832
15.1832
15.1832
15.1832
15.1832
15.1832
15.1832
15.1832
15.1832
15.1832
15.1832
15.1832
15.1832
15.1832
15.1832
15.1832
15.1832
15.1832
15.1832
15.1832
15.1832
15.1832
15.1832
15.1832
15.1832
15.1832
15.1832
15.1832
15.1832
15.1832
15.1832
15.1832
15.1832
15.1833
15.1833
15.1833
15.1833
15.1833
15.1833
15.1833
15.1833
15.1833
15.1833
15.1833
15.1833
15.1833
15.1833
15.1833
15.1833
15.1832
15.1832
15.1832
15.1831
15.183
15.1827
15.1821
15.1806
15.1773
15.1695
15.154
15.1091
15.0139
14.851
15.1664
27.3617
25.5878
23.877
22.7448
21.9581
21.0229
19.997
19.0713
18.2152
17.441
16.7591
16.1843
15.7333
15.4174
15.2355
15.1721
15.2009
15.2921
15.4185
15.5614
15.7079
15.8493
15.9801
16.0975
16.2003
16.2889
16.3642
16.4276
16.4806
16.5247
16.5612
16.5915
16.6165
16.6372
16.6543
16.6684
16.6802
16.69
16.6985
16.7056
16.7115
16.7163
16.7203
16.7236
16.7263
16.7285
16.7304
16.7319
16.7331
16.7342
16.735
16.7357
16.7363
16.7367
16.7371
16.7374
16.7377
16.7379
16.7381
16.7382
16.7383
16.7384
16.7385
16.7385
16.7386
16.7386
16.7386
16.7387
16.7387
16.7387
16.7387
16.7387
16.7387
16.7387
16.7387
16.7387
16.7387
16.7387
16.7387
16.7387
16.7387
16.7387
16.7387
16.7387
16.7387
16.7387
16.7387
16.7387
16.7387
16.7387
16.7387
16.7387
16.7387
16.7387
16.7387
16.7387
16.7387
16.7387
16.7387
16.7387
16.7387
16.7388
16.7388
16.7388
16.7388
16.7388
16.7388
16.7388
16.7388
16.7388
16.7388
16.7388
16.7388
16.7388
16.7388
16.7388
16.7388
16.7388
16.7388
16.7388
16.7388
16.7388
16.7388
16.7388
16.7388
16.7388
16.7388
16.7388
16.7388
16.7388
16.7388
16.7388
16.7388
16.7388
16.7388
16.7388
16.7388
16.7388
16.7388
16.7388
16.7388
16.7388
16.7388
16.7388
16.7388
16.7388
16.7388
16.7388
16.7388
16.7388
16.7388
16.7388
16.7388
16.7388
16.7388
16.7388
16.7388
16.7388
16.7388
16.7388
16.7388
16.7388
16.7388
16.7388
16.7388
16.7388
16.7388
16.7388
16.7388
16.7388
16.7388
16.7388
16.7388
16.7388
16.7388
16.7388
16.7388
16.7388
16.7388
16.7388
16.7388
16.7388
16.7388
16.7388
16.7388
16.7388
16.7388
16.7388
16.7388
16.7388
16.7388
16.7388
16.7388
16.7388
16.7388
16.7388
16.7388
16.7388
16.7388
16.7388
16.7388
16.7388
16.7388
16.7388
16.7388
16.7388
16.7388
16.7388
16.7388
16.7388
16.7388
16.7388
16.7388
16.7388
16.7388
16.7388
16.7388
16.7388
16.7388
16.7388
16.7388
16.7388
16.7388
16.7388
16.7388
16.7388
16.7388
16.7388
16.7388
16.7388
16.7388
16.7388
16.7388
16.7388
16.7388
16.7388
16.7388
16.7388
16.7388
16.7388
16.7388
16.7388
16.7388
16.7388
16.7388
16.7388
16.7388
16.7388
16.7388
16.7388
16.7388
16.7388
16.7388
16.7388
16.7388
16.7388
16.7388
16.7388
16.7388
16.7388
16.7388
16.7388
16.7388
16.7388
16.7388
16.7388
16.7388
16.7388
16.7388
16.7388
16.7388
16.7388
16.7388
16.7388
16.7388
16.7388
16.7388
16.7388
16.7388
16.7388
16.7388
16.7388
16.7388
16.7388
16.7388
16.7388
16.7388
16.7388
16.7388
16.7388
16.7388
16.7388
16.7388
16.7388
16.7388
16.7388
16.7388
16.7388
16.7388
16.7388
16.7388
16.7388
16.7388
16.7388
16.7388
16.7388
16.7388
16.7388
16.7388
16.7388
16.7388
16.7389
16.7389
16.7389
16.7389
16.7389
16.7389
16.7389
16.7389
16.7389
16.7389
16.7389
16.7389
16.7389
16.7389
16.7389
16.7389
16.7389
16.7389
16.7389
16.7389
16.7389
16.7389
16.7389
16.7389
16.7389
16.7389
16.7389
16.7389
16.7389
16.7389
16.7389
16.7389
16.7389
16.7389
16.7389
16.7389
16.7389
16.7389
16.7389
16.7389
16.7389
16.7389
16.7389
16.7389
16.7389
16.7389
16.7389
16.7389
16.7389
16.7389
16.7389
16.7389
16.7389
16.7389
16.7389
16.7389
16.7389
16.7389
16.7389
16.7389
16.7389
16.7389
16.7389
16.7389
16.7389
16.7389
16.7389
16.7389
16.7389
16.7389
16.7389
16.7389
16.7389
16.7389
16.7389
16.7389
16.7389
16.7389
16.7389
16.7389
16.7389
16.7389
16.7389
16.7389
16.7389
16.7389
16.7389
16.7389
16.7389
16.7389
16.7389
16.7389
16.7389
16.7389
16.7389
16.7389
16.7389
16.7389
16.7389
16.7389
16.7389
16.7389
16.7389
16.7389
16.739
16.739
16.739
16.739
16.739
16.739
16.739
16.739
16.739
16.739
16.739
16.739
16.739
16.739
16.739
16.739
16.739
16.739
16.739
16.739
16.739
16.739
16.739
16.739
16.739
16.739
16.739
16.739
16.739
16.739
16.739
16.739
16.739
16.739
16.739
16.739
16.739
16.739
16.739
16.739
16.739
16.739
16.739
16.739
16.739
16.739
16.739
16.739
16.7391
16.7391
16.7391
16.7391
16.7391
16.7391
16.7391
16.7391
16.7391
16.7391
16.7391
16.7391
16.7391
16.7391
16.7391
16.7391
16.7391
16.7391
16.7391
16.7391
16.7391
16.7391
16.7391
16.7391
16.7391
16.739
16.739
16.7388
16.7384
16.7377
16.7361
16.7326
16.7277
16.709
16.6774
16.6027
16.6208
28.3851
26.5962
24.8697
23.6953
22.8604
21.8782
20.8051
19.8427
18.9603
18.1706
17.4833
16.9115
16.4692
16.1651
15.9961
15.9457
15.9882
16.0948
16.2396
16.4018
16.5663
16.7233
16.8674
16.9967
17.111
17.2108
17.2969
17.3705
17.4329
17.4856
17.5298
17.5668
17.5977
17.6235
17.645
17.6629
17.6778
17.6904
17.7012
17.7104
17.7181
17.7244
17.7297
17.734
17.7376
17.7406
17.743
17.7451
17.7468
17.7482
17.7493
17.7503
17.7511
17.7517
17.7522
17.7527
17.753
17.7533
17.7536
17.7538
17.7539
17.7541
17.7542
17.7542
17.7543
17.7544
17.7544
17.7544
17.7545
17.7545
17.7545
17.7545
17.7545
17.7545
17.7545
17.7546
17.7546
17.7546
17.7546
17.7546
17.7546
17.7546
17.7546
17.7546
17.7546
17.7546
17.7546
17.7546
17.7546
17.7546
17.7546
17.7546
17.7546
17.7545
17.7545
17.7545
17.7545
17.7545
17.7545
17.7546
17.7546
17.7546
17.7546
17.7546
17.7546
17.7546
17.7546
17.7546
17.7546
17.7546
17.7546
17.7546
17.7546
17.7546
17.7546
17.7546
17.7546
17.7546
17.7546
17.7546
17.7546
17.7546
17.7546
17.7546
17.7546
17.7546
17.7546
17.7546
17.7546
17.7546
17.7546
17.7546
17.7546
17.7546
17.7546
17.7546
17.7546
17.7546
17.7546
17.7546
17.7546
17.7546
17.7546
17.7546
17.7545
17.7545
17.7545
17.7545
17.7545
17.7545
17.7545
17.7546
17.7546
17.7546
17.7546
17.7546
17.7546
17.7546
17.7546
17.7546
17.7546
17.7546
17.7546
17.7546
17.7546
17.7546
17.7546
17.7546
17.7546
17.7546
17.7546
17.7546
17.7546
17.7546
17.7546
17.7546
17.7546
17.7546
17.7546
17.7546
17.7546
17.7546
17.7546
17.7546
17.7546
17.7546
17.7546
17.7546
17.7546
17.7546
17.7546
17.7546
17.7546
17.7546
17.7546
17.7546
17.7546
17.7546
17.7546
17.7546
17.7546
17.7546
17.7546
17.7546
17.7546
17.7546
17.7546
17.7546
17.7546
17.7546
17.7546
17.7546
17.7546
17.7546
17.7546
17.7546
17.7546
17.7546
17.7546
17.7546
17.7546
17.7546
17.7546
17.7546
17.7546
17.7546
17.7546
17.7546
17.7546
17.7546
17.7546
17.7546
17.7546
17.7546
17.7546
17.7546
17.7546
17.7546
17.7546
17.7546
17.7546
17.7546
17.7546
17.7546
17.7546
17.7546
17.7546
17.7546
17.7546
17.7546
17.7546
17.7546
17.7546
17.7546
17.7546
17.7546
17.7546
17.7546
17.7546
17.7546
17.7546
17.7546
17.7546
17.7546
17.7546
17.7546
17.7546
17.7546
17.7546
17.7546
17.7546
17.7546
17.7546
17.7546
17.7546
17.7546
17.7546
17.7546
17.7546
17.7546
17.7546
17.7546
17.7546
17.7546
17.7546
17.7546
17.7546
17.7546
17.7546
17.7546
17.7546
17.7546
17.7546
17.7546
17.7546
17.7546
17.7546
17.7546
17.7546
17.7546
17.7546
17.7546
17.7546
17.7546
17.7546
17.7546
17.7546
17.7546
17.7546
17.7546
17.7546
17.7546
17.7546
17.7546
17.7546
17.7546
17.7546
17.7547
17.7547
17.7547
17.7547
17.7547
17.7547
17.7547
17.7547
17.7547
17.7547
17.7547
17.7547
17.7547
17.7547
17.7547
17.7547
17.7547
17.7547
17.7547
17.7547
17.7547
17.7547
17.7547
17.7547
17.7547
17.7547
17.7547
17.7547
17.7547
17.7547
17.7547
17.7547
17.7547
17.7547
17.7547
17.7547
17.7547
17.7547
17.7547
17.7547
17.7547
17.7547
17.7547
17.7547
17.7547
17.7547
17.7547
17.7547
17.7547
17.7547
17.7547
17.7547
17.7547
17.7547
17.7547
17.7547
17.7547
17.7547
17.7547
17.7547
17.7547
17.7547
17.7547
17.7547
17.7547
17.7547
17.7547
17.7547
17.7547
17.7547
17.7547
17.7547
17.7547
17.7547
17.7547
17.7547
17.7547
17.7547
17.7547
17.7547
17.7547
17.7547
17.7547
17.7547
17.7547
17.7547
17.7547
17.7547
17.7547
17.7547
17.7547
17.7547
17.7547
17.7547
17.7547
17.7547
17.7547
17.7547
17.7548
17.7548
17.7548
17.7548
17.7548
17.7548
17.7548
17.7548
17.7548
17.7548
17.7548
17.7548
17.7548
17.7548
17.7548
17.7548
17.7548
17.7548
17.7548
17.7548
17.7548
17.7548
17.7548
17.7548
17.7548
17.7548
17.7548
17.7548
17.7548
17.7548
17.7548
17.7548
17.7548
17.7548
17.7548
17.7548
17.7548
17.7548
17.7548
17.7548
17.7548
17.7548
17.7548
17.7548
17.7548
17.7548
17.7549
17.7549
17.7549
17.7549
17.7549
17.7549
17.7549
17.7549
17.7549
17.7549
17.7549
17.7549
17.7549
17.7549
17.7549
17.7549
17.7549
17.7549
17.755
17.755
17.755
17.755
17.755
17.755
17.755
17.7549
17.7549
17.7549
17.7549
17.7548
17.7547
17.7544
17.754
17.7529
17.7538
17.7467
17.747
17.7317
17.7077
28.3851
26.5962
24.8697
23.6953
22.8604
21.8782
20.8051
19.8427
18.9603
18.1706
17.4833
16.9115
16.4692
16.1651
15.9961
15.9457
15.9882
16.0948
16.2396
16.4018
16.5663
16.7233
16.8674
16.9967
17.111
17.2108
17.2969
17.3705
17.4329
17.4856
17.5298
17.5668
17.5977
17.6235
17.645
17.6629
17.6778
17.6904
17.7012
17.7104
17.7181
17.7244
17.7297
17.734
17.7376
17.7406
17.743
17.7451
17.7468
17.7482
17.7493
17.7503
17.7511
17.7517
17.7522
17.7527
17.753
17.7533
17.7536
17.7538
17.7539
17.7541
17.7542
17.7542
17.7543
17.7544
17.7544
17.7544
17.7545
17.7545
17.7545
17.7545
17.7545
17.7545
17.7545
17.7546
17.7546
17.7546
17.7546
17.7546
17.7546
17.7546
17.7546
17.7546
17.7546
17.7546
17.7546
17.7546
17.7546
17.7546
17.7546
17.7546
17.7546
17.7545
17.7545
17.7545
17.7545
17.7545
17.7545
17.7546
17.7546
17.7546
17.7546
17.7546
17.7546
17.7546
17.7546
17.7546
17.7546
17.7546
17.7546
17.7546
17.7546
17.7546
17.7546
17.7546
17.7546
17.7546
17.7546
17.7546
17.7546
17.7546
17.7546
17.7546
17.7546
17.7546
17.7546
17.7546
17.7546
17.7546
17.7546
17.7546
17.7546
17.7546
17.7546
17.7546
17.7546
17.7546
17.7546
17.7546
17.7546
17.7546
17.7546
17.7546
17.7545
17.7545
17.7545
17.7545
17.7545
17.7545
17.7545
17.7546
17.7546
17.7546
17.7546
17.7546
17.7546
17.7546
17.7546
17.7546
17.7546
17.7546
17.7546
17.7546
17.7546
17.7546
17.7546
17.7546
17.7546
17.7546
17.7546
17.7546
17.7546
17.7546
17.7546
17.7546
17.7546
17.7546
17.7546
17.7546
17.7546
17.7546
17.7546
17.7546
17.7546
17.7546
17.7546
17.7546
17.7546
17.7546
17.7546
17.7546
17.7546
17.7546
17.7546
17.7546
17.7546
17.7546
17.7546
17.7546
17.7546
17.7546
17.7546
17.7546
17.7546
17.7546
17.7546
17.7546
17.7546
17.7546
17.7546
17.7546
17.7546
17.7546
17.7546
17.7546
17.7546
17.7546
17.7546
17.7546
17.7546
17.7546
17.7546
17.7546
17.7546
17.7546
17.7546
17.7546
17.7546
17.7546
17.7546
17.7546
17.7546
17.7546
17.7546
17.7546
17.7546
17.7546
17.7546
17.7546
17.7546
17.7546
17.7546
17.7546
17.7546
17.7546
17.7546
17.7546
17.7546
17.7546
17.7546
17.7546
17.7546
17.7546
17.7546
17.7546
17.7546
17.7546
17.7546
17.7546
17.7546
17.7546
17.7546
17.7546
17.7546
17.7546
17.7546
17.7546
17.7546
17.7546
17.7546
17.7546
17.7546
17.7546
17.7546
17.7546
17.7546
17.7546
17.7546
17.7546
17.7546
17.7546
17.7546
17.7546
17.7546
17.7546
17.7546
17.7546
17.7546
17.7546
17.7546
17.7546
17.7546
17.7546
17.7546
17.7546
17.7546
17.7546
17.7546
17.7546
17.7546
17.7546
17.7546
17.7546
17.7546
17.7546
17.7546
17.7546
17.7546
17.7546
17.7546
17.7546
17.7546
17.7546
17.7546
17.7546
17.7546
17.7547
17.7547
17.7547
17.7547
17.7547
17.7547
17.7547
17.7547
17.7547
17.7547
17.7547
17.7547
17.7547
17.7547
17.7547
17.7547
17.7547
17.7547
17.7547
17.7547
17.7547
17.7547
17.7547
17.7547
17.7547
17.7547
17.7547
17.7547
17.7547
17.7547
17.7547
17.7547
17.7547
17.7547
17.7547
17.7547
17.7547
17.7547
17.7547
17.7547
17.7547
17.7547
17.7547
17.7547
17.7547
17.7547
17.7547
17.7547
17.7547
17.7547
17.7547
17.7547
17.7547
17.7547
17.7547
17.7547
17.7547
17.7547
17.7547
17.7547
17.7547
17.7547
17.7547
17.7547
17.7547
17.7547
17.7547
17.7547
17.7547
17.7547
17.7547
17.7547
17.7547
17.7547
17.7547
17.7547
17.7547
17.7547
17.7547
17.7547
17.7547
17.7547
17.7547
17.7547
17.7547
17.7547
17.7547
17.7547
17.7547
17.7547
17.7547
17.7547
17.7547
17.7547
17.7547
17.7547
17.7547
17.7547
17.7548
17.7548
17.7548
17.7548
17.7548
17.7548
17.7548
17.7548
17.7548
17.7548
17.7548
17.7548
17.7548
17.7548
17.7548
17.7548
17.7548
17.7548
17.7548
17.7548
17.7548
17.7548
17.7548
17.7548
17.7548
17.7548
17.7548
17.7548
17.7548
17.7548
17.7548
17.7548
17.7548
17.7548
17.7548
17.7548
17.7548
17.7548
17.7548
17.7548
17.7548
17.7548
17.7548
17.7548
17.7548
17.7548
17.7549
17.7549
17.7549
17.7549
17.7549
17.7549
17.7549
17.7549
17.7549
17.7549
17.7549
17.7549
17.7549
17.7549
17.7549
17.7549
17.7549
17.7549
17.755
17.755
17.755
17.755
17.755
17.755
17.755
17.7549
17.7549
17.7549
17.7549
17.7548
17.7547
17.7544
17.754
17.7529
17.7538
17.7467
17.747
17.7317
17.7077
27.3617
25.5878
23.877
22.7448
21.9581
21.0229
19.997
19.0713
18.2152
17.441
16.7591
16.1843
15.7333
15.4174
15.2355
15.1721
15.2009
15.2921
15.4185
15.5614
15.7079
15.8493
15.9801
16.0975
16.2003
16.2889
16.3642
16.4276
16.4806
16.5247
16.5612
16.5915
16.6165
16.6372
16.6543
16.6684
16.6802
16.69
16.6985
16.7056
16.7115
16.7163
16.7203
16.7236
16.7263
16.7285
16.7304
16.7319
16.7331
16.7342
16.735
16.7357
16.7363
16.7367
16.7371
16.7374
16.7377
16.7379
16.7381
16.7382
16.7383
16.7384
16.7385
16.7385
16.7386
16.7386
16.7386
16.7387
16.7387
16.7387
16.7387
16.7387
16.7387
16.7387
16.7387
16.7387
16.7387
16.7387
16.7387
16.7387
16.7387
16.7387
16.7388
16.7388
16.7388
16.7388
16.7388
16.7388
16.7387
16.7387
16.7387
16.7387
16.7387
16.7387
16.7387
16.7387
16.7387
16.7387
16.7387
16.7387
16.7387
16.7388
16.7388
16.7388
16.7388
16.7388
16.7388
16.7388
16.7388
16.7388
16.7388
16.7388
16.7388
16.7388
16.7388
16.7388
16.7388
16.7388
16.7388
16.7388
16.7388
16.7388
16.7388
16.7388
16.7388
16.7388
16.7388
16.7388
16.7388
16.7388
16.7388
16.7388
16.7388
16.7388
16.7388
16.7388
16.7388
16.7388
16.7388
16.7388
16.7388
16.7388
16.7388
16.7388
16.7388
16.7388
16.7388
16.7388
16.7388
16.7388
16.7388
16.7388
16.7388
16.7388
16.7388
16.7388
16.7388
16.7388
16.7388
16.7388
16.7388
16.7388
16.7388
16.7388
16.7388
16.7388
16.7388
16.7388
16.7388
16.7388
16.7388
16.7388
16.7388
16.7388
16.7388
16.7388
16.7388
16.7388
16.7388
16.7388
16.7388
16.7388
16.7388
16.7388
16.7388
16.7388
16.7388
16.7388
16.7388
16.7388
16.7388
16.7388
16.7388
16.7388
16.7388
16.7388
16.7388
16.7388
16.7388
16.7388
16.7388
16.7388
16.7388
16.7388
16.7388
16.7388
16.7388
16.7388
16.7388
16.7388
16.7388
16.7388
16.7388
16.7388
16.7388
16.7388
16.7388
16.7388
16.7388
16.7388
16.7388
16.7388
16.7388
16.7388
16.7388
16.7388
16.7388
16.7388
16.7388
16.7388
16.7388
16.7388
16.7388
16.7388
16.7388
16.7388
16.7388
16.7388
16.7388
16.7388
16.7388
16.7388
16.7388
16.7388
16.7388
16.7388
16.7388
16.7388
16.7388
16.7388
16.7388
16.7388
16.7388
16.7388
16.7388
16.7388
16.7388
16.7388
16.7388
16.7388
16.7388
16.7388
16.7388
16.7388
16.7388
16.7388
16.7388
16.7388
16.7388
16.7388
16.7388
16.7388
16.7388
16.7388
16.7388
16.7388
16.7388
16.7388
16.7388
16.7388
16.7388
16.7388
16.7388
16.7388
16.7388
16.7388
16.7388
16.7388
16.7388
16.7388
16.7388
16.7388
16.7388
16.7388
16.7388
16.7388
16.7388
16.7388
16.7388
16.7388
16.7388
16.7388
16.7388
16.7388
16.7388
16.7388
16.7388
16.7388
16.7388
16.7388
16.7388
16.7388
16.7388
16.7388
16.7388
16.7388
16.7389
16.7389
16.7389
16.7389
16.7389
16.7389
16.7389
16.7389
16.7389
16.7389
16.7389
16.7389
16.7389
16.7389
16.7389
16.7389
16.7389
16.7389
16.7389
16.7389
16.7389
16.7389
16.7389
16.7389
16.7389
16.7389
16.7389
16.7389
16.7389
16.7389
16.7389
16.7389
16.7389
16.7389
16.7389
16.7389
16.7389
16.7389
16.7389
16.7389
16.7389
16.7389
16.7389
16.7389
16.7389
16.7389
16.7389
16.7389
16.7389
16.7389
16.7389
16.7389
16.7389
16.7389
16.7389
16.7389
16.7389
16.7389
16.7389
16.7389
16.7389
16.7389
16.7389
16.7389
16.7389
16.7389
16.7389
16.7389
16.7389
16.7389
16.7389
16.7389
16.7389
16.7389
16.7389
16.7389
16.7389
16.7389
16.7389
16.7389
16.7389
16.7389
16.7389
16.7389
16.7389
16.7389
16.7389
16.7389
16.7389
16.7389
16.7389
16.7389
16.7389
16.7389
16.7389
16.7389
16.7389
16.7389
16.7389
16.7389
16.739
16.739
16.739
16.739
16.739
16.739
16.739
16.739
16.739
16.739
16.739
16.739
16.739
16.739
16.739
16.739
16.739
16.739
16.739
16.739
16.739
16.739
16.739
16.739
16.739
16.739
16.739
16.739
16.739
16.739
16.739
16.739
16.739
16.739
16.739
16.739
16.739
16.739
16.739
16.739
16.739
16.739
16.739
16.739
16.739
16.739
16.739
16.7391
16.7391
16.7391
16.7391
16.7391
16.7391
16.7391
16.7391
16.7391
16.7391
16.7391
16.7391
16.7391
16.7391
16.7391
16.7391
16.7391
16.7391
16.7391
16.7391
16.7391
16.7391
16.7391
16.7391
16.7391
16.739
16.739
16.7388
16.7384
16.7377
16.7361
16.7326
16.7277
16.709
16.6774
16.6027
16.6208
25.4943
23.7487
22.0674
21.0214
20.3406
19.5081
18.58
17.731
16.932
16.1957
15.5346
14.9662
14.5111
14.1842
13.985
13.8957
13.8939
13.9563
14.0593
14.1848
14.3255
14.4607
14.5821
14.6874
14.7765
14.8509
14.9123
14.9626
15.0037
15.0371
15.0643
15.0864
15.1043
15.1188
15.1307
15.1403
15.1482
15.1547
15.1603
15.1649
15.1686
15.1715
15.1738
15.1757
15.1772
15.1784
15.1794
15.1802
15.1808
15.1813
15.1817
15.182
15.1823
15.1825
15.1827
15.1828
15.1829
15.1829
15.183
15.183
15.1831
15.1831
15.1831
15.1831
15.1831
15.1831
15.1831
15.1831
15.1831
15.1831
15.1831
15.1831
15.1831
15.1831
15.1831
15.1831
15.1831
15.1831
15.1831
15.1831
15.1831
15.1831
15.183
15.183
15.183
15.183
15.183
15.183
15.183
15.183
15.183
15.183
15.183
15.183
15.183
15.183
15.183
15.183
15.183
15.183
15.183
15.183
15.183
15.183
15.183
15.183
15.183
15.183
15.183
15.183
15.183
15.183
15.183
15.183
15.183
15.183
15.183
15.183
15.183
15.183
15.183
15.183
15.183
15.183
15.183
15.183
15.183
15.183
15.183
15.183
15.183
15.183
15.183
15.183
15.183
15.183
15.183
15.183
15.183
15.183
15.183
15.183
15.183
15.183
15.183
15.183
15.183
15.183
15.183
15.183
15.183
15.183
15.183
15.183
15.183
15.183
15.183
15.183
15.183
15.183
15.183
15.183
15.183
15.183
15.183
15.183
15.183
15.183
15.183
15.183
15.183
15.183
15.183
15.183
15.183
15.183
15.183
15.183
15.183
15.183
15.183
15.183
15.183
15.183
15.183
15.183
15.183
15.183
15.183
15.183
15.183
15.183
15.183
15.183
15.183
15.183
15.183
15.183
15.183
15.183
15.183
15.183
15.183
15.183
15.183
15.183
15.183
15.183
15.183
15.183
15.183
15.183
15.183
15.183
15.183
15.183
15.183
15.183
15.183
15.183
15.183
15.183
15.183
15.183
15.183
15.183
15.183
15.183
15.183
15.183
15.183
15.183
15.183
15.183
15.183
15.183
15.183
15.1831
15.1831
15.1831
15.1831
15.1831
15.1831
15.1831
15.1831
15.1831
15.1831
15.1831
15.1831
15.1831
15.1831
15.183
15.1831
15.1831
15.1831
15.1831
15.1831
15.1831
15.1831
15.1831
15.1831
15.1831
15.1831
15.1831
15.1831
15.1831
15.1831
15.1831
15.1831
15.1831
15.1831
15.1831
15.1831
15.1831
15.1831
15.1831
15.1831
15.1831
15.1831
15.1831
15.1831
15.1831
15.1831
15.1831
15.1831
15.1831
15.1831
15.1831
15.1831
15.1831
15.1831
15.1831
15.1831
15.1831
15.1831
15.1831
15.1831
15.1831
15.1831
15.1831
15.1831
15.1831
15.1831
15.1831
15.1831
15.1831
15.1831
15.1831
15.1831
15.1831
15.1831
15.1831
15.1831
15.1831
15.1831
15.1831
15.1831
15.1831
15.1831
15.1831
15.1831
15.1831
15.1831
15.1831
15.1831
15.1831
15.1831
15.1831
15.1831
15.1831
15.1831
15.1831
15.1831
15.1831
15.1831
15.1831
15.1831
15.1831
15.1831
15.1831
15.1831
15.1831
15.1831
15.1831
15.1831
15.1831
15.1831
15.1831
15.1831
15.1831
15.1831
15.1831
15.1831
15.1831
15.1831
15.1831
15.1831
15.1831
15.1831
15.1831
15.1831
15.1831
15.1831
15.1831
15.1831
15.1831
15.1831
15.1831
15.1831
15.1831
15.1831
15.1831
15.1831
15.1831
15.1831
15.1831
15.1831
15.1831
15.1831
15.1831
15.1831
15.1831
15.1831
15.1831
15.1831
15.1831
15.1831
15.1831
15.1831
15.1831
15.1831
15.1831
15.1831
15.1831
15.1831
15.1831
15.1831
15.1831
15.1831
15.1831
15.1831
15.1831
15.1831
15.1831
15.1831
15.1831
15.1831
15.1831
15.1831
15.1831
15.1831
15.1832
15.1832
15.1832
15.1832
15.1832
15.1832
15.1832
15.1832
15.1832
15.1832
15.1832
15.1832
15.1832
15.1832
15.1832
15.1832
15.1832
15.1832
15.1832
15.1832
15.1832
15.1832
15.1832
15.1832
15.1832
15.1832
15.1832
15.1832
15.1832
15.1832
15.1832
15.1832
15.1832
15.1832
15.1832
15.1832
15.1832
15.1832
15.1832
15.1832
15.1832
15.1832
15.1832
15.1832
15.1832
15.1832
15.1832
15.1832
15.1832
15.1832
15.1832
15.1832
15.1832
15.1832
15.1832
15.1832
15.1832
15.1832
15.1833
15.1833
15.1833
15.1833
15.1833
15.1833
15.1833
15.1833
15.1833
15.1833
15.1833
15.1833
15.1833
15.1833
15.1833
15.1833
15.1833
15.1832
15.1832
15.1831
15.183
15.1827
15.1821
15.1806
15.1773
15.1695
15.154
15.1091
15.0139
14.8509
15.1664
25.4943
23.7487
22.0674
21.0214
20.3406
19.5081
18.58
17.731
16.932
16.1957
15.5346
14.9662
14.5111
14.1842
13.985
13.8957
13.8939
13.9563
14.0593
14.1849
14.3255
14.4607
14.5821
14.6874
14.7765
14.8509
14.9123
14.9626
15.0037
15.0371
15.0643
15.0864
15.1043
15.1188
15.1307
15.1403
15.1482
15.1547
15.1603
15.1649
15.1686
15.1715
15.1738
15.1757
15.1772
15.1784
15.1794
15.1802
15.1808
15.1813
15.1817
15.182
15.1823
15.1825
15.1827
15.1828
15.1829
15.1829
15.183
15.183
15.1831
15.1831
15.1831
15.1831
15.1831
15.1831
15.1831
15.1831
15.1831
15.1831
15.1831
15.1831
15.1831
15.1831
15.1831
15.1831
15.1831
15.1831
15.1831
15.1831
15.1831
15.1831
15.183
15.183
15.183
15.183
15.183
15.183
15.183
15.183
15.183
15.183
15.183
15.183
15.183
15.183
15.183
15.183
15.183
15.183
15.183
15.183
15.183
15.183
15.183
15.183
15.183
15.183
15.183
15.183
15.183
15.183
15.183
15.183
15.183
15.183
15.183
15.183
15.183
15.183
15.183
15.183
15.183
15.183
15.183
15.183
15.183
15.183
15.183
15.183
15.183
15.183
15.183
15.183
15.183
15.183
15.183
15.183
15.183
15.183
15.183
15.183
15.183
15.183
15.183
15.183
15.183
15.183
15.183
15.183
15.183
15.183
15.183
15.183
15.183
15.183
15.183
15.183
15.183
15.183
15.183
15.183
15.183
15.183
15.183
15.183
15.183
15.183
15.183
15.183
15.183
15.183
15.183
15.183
15.183
15.183
15.183
15.183
15.183
15.183
15.183
15.183
15.183
15.183
15.183
15.183
15.183
15.183
15.183
15.183
15.183
15.183
15.183
15.183
15.183
15.183
15.183
15.183
15.183
15.183
15.183
15.183
15.183
15.183
15.183
15.183
15.183
15.183
15.183
15.183
15.183
15.183
15.183
15.183
15.183
15.183
15.183
15.183
15.183
15.183
15.183
15.183
15.183
15.183
15.183
15.183
15.183
15.183
15.183
15.183
15.183
15.183
15.183
15.183
15.183
15.1831
15.1831
15.1831
15.1831
15.1831
15.1831
15.1831
15.1831
15.1831
15.1831
15.1831
15.1831
15.1831
15.1831
15.1831
15.1831
15.1831
15.1831
15.1831
15.1831
15.1831
15.1831
15.1831
15.1831
15.1831
15.1831
15.1831
15.1831
15.1831
15.1831
15.1831
15.1831
15.1831
15.1831
15.1831
15.1831
15.1831
15.1831
15.1831
15.1831
15.1831
15.1831
15.1831
15.1831
15.1831
15.1831
15.1831
15.1831
15.1831
15.1831
15.1831
15.1831
15.1831
15.1831
15.1831
15.1831
15.1831
15.1831
15.1831
15.1831
15.1831
15.1831
15.1831
15.1831
15.1831
15.1831
15.1831
15.1831
15.1831
15.1831
15.1831
15.1831
15.1831
15.1831
15.1831
15.1831
15.1831
15.1831
15.1831
15.1831
15.1831
15.1831
15.1831
15.1831
15.1831
15.1831
15.1831
15.1831
15.1831
15.1831
15.1831
15.1831
15.1831
15.1831
15.1831
15.1831
15.1831
15.1831
15.1831
15.1831
15.1831
15.1831
15.1831
15.1831
15.1831
15.1831
15.1831
15.1831
15.1831
15.1831
15.1831
15.1831
15.1831
15.1831
15.1831
15.1831
15.1831
15.1831
15.1831
15.1831
15.1831
15.1831
15.1831
15.1831
15.1831
15.1831
15.1831
15.1831
15.1831
15.1831
15.1831
15.1831
15.1831
15.1831
15.1831
15.1831
15.1831
15.1831
15.1831
15.1831
15.1831
15.1831
15.1831
15.1831
15.1831
15.1831
15.1831
15.1831
15.1831
15.1831
15.1831
15.1831
15.1831
15.1831
15.1831
15.1831
15.1831
15.1831
15.1831
15.1831
15.1831
15.1831
15.1831
15.1831
15.1831
15.1831
15.1831
15.1831
15.1831
15.1831
15.1831
15.1831
15.1831
15.1831
15.1831
15.1831
15.1832
15.1832
15.1832
15.1832
15.1832
15.1832
15.1832
15.1832
15.1832
15.1832
15.1832
15.1832
15.1832
15.1832
15.1832
15.1832
15.1832
15.1832
15.1832
15.1832
15.1832
15.1832
15.1832
15.1832
15.1832
15.1832
15.1832
15.1832
15.1832
15.1832
15.1832
15.1832
15.1832
15.1832
15.1832
15.1832
15.1832
15.1832
15.1832
15.1832
15.1832
15.1832
15.1832
15.1832
15.1832
15.1832
15.1832
15.1832
15.1832
15.1832
15.1832
15.1832
15.1832
15.1832
15.1832
15.1832
15.1832
15.1832
15.1833
15.1833
15.1833
15.1833
15.1833
15.1833
15.1833
15.1833
15.1833
15.1833
15.1833
15.1833
15.1833
15.1833
15.1833
15.1833
15.1833
15.1832
15.1832
15.1831
15.183
15.1827
15.1821
15.1806
15.1773
15.1695
15.154
15.109
15.0138
14.8509
15.1664
27.3617
25.5878
23.877
22.7448
21.9581
21.0229
19.997
19.0713
18.2152
17.441
16.7591
16.1843
15.7333
15.4174
15.2355
15.1721
15.2009
15.2921
15.4185
15.5614
15.7079
15.8493
15.9801
16.0975
16.2003
16.2889
16.3642
16.4276
16.4806
16.5247
16.5612
16.5915
16.6165
16.6372
16.6543
16.6684
16.6802
16.69
16.6985
16.7056
16.7115
16.7163
16.7203
16.7236
16.7263
16.7285
16.7303
16.7319
16.7331
16.7341
16.735
16.7357
16.7363
16.7367
16.7371
16.7374
16.7377
16.7379
16.7381
16.7382
16.7383
16.7384
16.7385
16.7385
16.7386
16.7386
16.7386
16.7387
16.7387
16.7387
16.7387
16.7387
16.7387
16.7387
16.7387
16.7387
16.7387
16.7387
16.7387
16.7387
16.7387
16.7387
16.7387
16.7388
16.7388
16.7388
16.7388
16.7388
16.7387
16.7387
16.7387
16.7387
16.7387
16.7387
16.7387
16.7387
16.7387
16.7387
16.7387
16.7387
16.7387
16.7388
16.7388
16.7388
16.7388
16.7388
16.7388
16.7388
16.7388
16.7388
16.7388
16.7388
16.7388
16.7388
16.7388
16.7388
16.7388
16.7388
16.7388
16.7388
16.7388
16.7388
16.7388
16.7388
16.7388
16.7388
16.7388
16.7388
16.7388
16.7388
16.7388
16.7388
16.7388
16.7388
16.7388
16.7388
16.7388
16.7388
16.7388
16.7388
16.7388
16.7388
16.7388
16.7388
16.7388
16.7388
16.7388
16.7388
16.7388
16.7388
16.7388
16.7388
16.7388
16.7388
16.7388
16.7388
16.7388
16.7388
16.7388
16.7388
16.7388
16.7388
16.7388
16.7388
16.7388
16.7388
16.7388
16.7388
16.7388
16.7388
16.7388
16.7388
16.7388
16.7388
16.7388
16.7388
16.7388
16.7388
16.7388
16.7388
16.7388
16.7388
16.7388
16.7388
16.7388
16.7388
16.7388
16.7388
16.7388
16.7388
16.7388
16.7388
16.7388
16.7388
16.7388
16.7388
16.7388
16.7388
16.7388
16.7388
16.7388
16.7388
16.7388
16.7388
16.7388
16.7388
16.7388
16.7388
16.7388
16.7388
16.7388
16.7388
16.7388
16.7388
16.7388
16.7388
16.7388
16.7388
16.7388
16.7388
16.7388
16.7388
16.7388
16.7388
16.7388
16.7388
16.7388
16.7388
16.7388
16.7388
16.7388
16.7388
16.7388
16.7388
16.7388
16.7388
16.7388
16.7388
16.7388
16.7388
16.7388
16.7388
16.7388
16.7388
16.7388
16.7388
16.7388
16.7388
16.7388
16.7388
16.7388
16.7388
16.7388
16.7388
16.7388
16.7388
16.7388
16.7388
16.7388
16.7388
16.7388
16.7388
16.7388
16.7388
16.7388
16.7388
16.7388
16.7388
16.7388
16.7388
16.7388
16.7388
16.7388
16.7388
16.7388
16.7388
16.7388
16.7388
16.7388
16.7388
16.7388
16.7388
16.7388
16.7388
16.7388
16.7388
16.7388
16.7388
16.7388
16.7388
16.7388
16.7388
16.7388
16.7388
16.7388
16.7388
16.7388
16.7388
16.7388
16.7388
16.7388
16.7388
16.7388
16.7388
16.7388
16.7388
16.7388
16.7388
16.7388
16.7388
16.7388
16.7388
16.7388
16.7388
16.7389
16.7389
16.7389
16.7389
16.7389
16.7389
16.7389
16.7389
16.7389
16.7389
16.7389
16.7389
16.7389
16.7389
16.7389
16.7389
16.7389
16.7389
16.7389
16.7389
16.7389
16.7389
16.7389
16.7389
16.7389
16.7389
16.7389
16.7389
16.7389
16.7389
16.7389
16.7389
16.7389
16.7389
16.7389
16.7389
16.7389
16.7389
16.7389
16.7389
16.7389
16.7389
16.7389
16.7389
16.7389
16.7389
16.7389
16.7389
16.7389
16.7389
16.7389
16.7389
16.7389
16.7389
16.7389
16.7389
16.7389
16.7389
16.7389
16.7389
16.7389
16.7389
16.7389
16.7389
16.7389
16.7389
16.7389
16.7389
16.7389
16.7389
16.7389
16.7389
16.7389
16.7389
16.7389
16.7389
16.7389
16.7389
16.7389
16.7389
16.7389
16.7389
16.7389
16.7389
16.7389
16.7389
16.7389
16.7389
16.7389
16.7389
16.7389
16.7389
16.7389
16.7389
16.7389
16.7389
16.7389
16.7389
16.7389
16.7389
16.7389
16.7389
16.739
16.739
16.739
16.739
16.739
16.739
16.739
16.739
16.739
16.739
16.739
16.739
16.739
16.739
16.739
16.739
16.739
16.739
16.739
16.739
16.739
16.739
16.739
16.739
16.739
16.739
16.739
16.739
16.739
16.739
16.739
16.739
16.739
16.739
16.739
16.739
16.739
16.739
16.739
16.739
16.739
16.739
16.739
16.739
16.739
16.739
16.7391
16.7391
16.7391
16.7391
16.7391
16.7391
16.7391
16.7391
16.7391
16.7391
16.7391
16.7391
16.7391
16.7391
16.7391
16.7391
16.7391
16.7391
16.7391
16.7391
16.7391
16.7392
16.7391
16.7391
16.7391
16.7391
16.7391
16.739
16.7388
16.7384
16.7376
16.7361
16.7325
16.7277
16.7089
16.6773
16.6026
16.6207
28.3851
26.5962
24.8697
23.6953
22.8604
21.8782
20.8051
19.8427
18.9603
18.1706
17.4833
16.9115
16.4692
16.1651
15.9961
15.9457
15.9882
16.0948
16.2396
16.4018
16.5663
16.7233
16.8674
16.9967
17.111
17.2108
17.2969
17.3705
17.4329
17.4856
17.5298
17.5668
17.5977
17.6235
17.645
17.6629
17.6778
17.6904
17.7012
17.7104
17.7181
17.7244
17.7297
17.734
17.7376
17.7406
17.743
17.7451
17.7468
17.7482
17.7493
17.7503
17.7511
17.7517
17.7522
17.7527
17.753
17.7533
17.7536
17.7538
17.7539
17.7541
17.7542
17.7542
17.7543
17.7544
17.7544
17.7544
17.7545
17.7545
17.7545
17.7545
17.7545
17.7545
17.7546
17.7546
17.7546
17.7546
17.7546
17.7546
17.7546
17.7546
17.7546
17.7546
17.7546
17.7546
17.7546
17.7546
17.7546
17.7546
17.7546
17.7546
17.7546
17.7545
17.7545
17.7545
17.7545
17.7546
17.7546
17.7546
17.7546
17.7546
17.7546
17.7546
17.7546
17.7546
17.7546
17.7546
17.7546
17.7546
17.7546
17.7546
17.7546
17.7546
17.7546
17.7546
17.7546
17.7546
17.7546
17.7546
17.7546
17.7546
17.7546
17.7546
17.7545
17.7546
17.7546
17.7546
17.7546
17.7546
17.7546
17.7546
17.7546
17.7546
17.7546
17.7546
17.7546
17.7546
17.7546
17.7546
17.7546
17.7546
17.7545
17.7545
17.7545
17.7545
17.7545
17.7545
17.7545
17.7545
17.7545
17.7546
17.7546
17.7546
17.7546
17.7546
17.7546
17.7546
17.7546
17.7546
17.7546
17.7546
17.7546
17.7546
17.7546
17.7546
17.7546
17.7546
17.7546
17.7546
17.7546
17.7546
17.7546
17.7546
17.7546
17.7546
17.7546
17.7546
17.7546
17.7546
17.7546
17.7546
17.7546
17.7546
17.7546
17.7546
17.7546
17.7546
17.7546
17.7546
17.7546
17.7546
17.7546
17.7546
17.7546
17.7546
17.7546
17.7546
17.7546
17.7546
17.7546
17.7546
17.7546
17.7546
17.7546
17.7546
17.7546
17.7546
17.7546
17.7546
17.7546
17.7546
17.7546
17.7546
17.7546
17.7546
17.7546
17.7546
17.7546
17.7546
17.7546
17.7546
17.7546
17.7546
17.7546
17.7546
17.7546
17.7546
17.7546
17.7546
17.7546
17.7546
17.7546
17.7546
17.7546
17.7546
17.7546
17.7546
17.7546
17.7546
17.7546
17.7546
17.7546
17.7546
17.7546
17.7546
17.7546
17.7546
17.7546
17.7546
17.7546
17.7546
17.7546
17.7546
17.7546
17.7546
17.7546
17.7546
17.7546
17.7546
17.7546
17.7546
17.7546
17.7546
17.7546
17.7546
17.7546
17.7546
17.7546
17.7546
17.7546
17.7546
17.7546
17.7546
17.7546
17.7546
17.7546
17.7546
17.7546
17.7546
17.7546
17.7546
17.7546
17.7546
17.7546
17.7546
17.7546
17.7546
17.7546
17.7546
17.7546
17.7546
17.7546
17.7546
17.7546
17.7546
17.7546
17.7546
17.7546
17.7546
17.7546
17.7546
17.7546
17.7546
17.7546
17.7546
17.7546
17.7546
17.7546
17.7546
17.7546
17.7546
17.7546
17.7546
17.7546
17.7546
17.7546
17.7546
17.7546
17.7547
17.7547
17.7547
17.7547
17.7547
17.7547
17.7547
17.7547
17.7547
17.7546
17.7546
17.7546
17.7546
17.7546
17.7546
17.7546
17.7546
17.7546
17.7547
17.7547
17.7547
17.7547
17.7547
17.7547
17.7547
17.7547
17.7547
17.7547
17.7547
17.7547
17.7547
17.7547
17.7547
17.7547
17.7547
17.7547
17.7547
17.7547
17.7547
17.7547
17.7547
17.7547
17.7547
17.7547
17.7547
17.7547
17.7547
17.7547
17.7547
17.7547
17.7547
17.7547
17.7547
17.7547
17.7547
17.7547
17.7547
17.7547
17.7547
17.7547
17.7547
17.7547
17.7547
17.7547
17.7547
17.7547
17.7547
17.7547
17.7547
17.7547
17.7547
17.7547
17.7547
17.7547
17.7547
17.7547
17.7547
17.7547
17.7547
17.7547
17.7547
17.7547
17.7547
17.7547
17.7547
17.7547
17.7547
17.7547
17.7547
17.7547
17.7547
17.7547
17.7547
17.7547
17.7547
17.7547
17.7547
17.7547
17.7548
17.7548
17.7548
17.7548
17.7548
17.7548
17.7548
17.7548
17.7548
17.7548
17.7548
17.7548
17.7548
17.7548
17.7548
17.7548
17.7548
17.7548
17.7548
17.7548
17.7548
17.7548
17.7548
17.7548
17.7548
17.7548
17.7548
17.7548
17.7548
17.7548
17.7548
17.7548
17.7548
17.7548
17.7548
17.7548
17.7548
17.7548
17.7548
17.7548
17.7548
17.7548
17.7548
17.7548
17.7549
17.7549
17.7549
17.7549
17.7549
17.7549
17.7549
17.7549
17.7549
17.7549
17.7549
17.7549
17.7549
17.7549
17.7549
17.7549
17.7549
17.7549
17.755
17.755
17.755
17.755
17.755
17.755
17.755
17.755
17.755
17.7549
17.7549
17.7548
17.7547
17.7544
17.754
17.7529
17.7537
17.7466
17.7469
17.7315
17.7075
28.3851
26.5962
24.8697
23.6953
22.8604
21.8782
20.8051
19.8427
18.9603
18.1706
17.4833
16.9115
16.4692
16.1651
15.9961
15.9457
15.9882
16.0948
16.2396
16.4018
16.5663
16.7233
16.8674
16.9967
17.111
17.2108
17.2969
17.3705
17.4329
17.4856
17.5298
17.5668
17.5977
17.6235
17.645
17.6629
17.6778
17.6904
17.7012
17.7104
17.7181
17.7244
17.7296
17.734
17.7376
17.7406
17.743
17.7451
17.7468
17.7482
17.7493
17.7503
17.7511
17.7517
17.7522
17.7527
17.753
17.7533
17.7536
17.7538
17.7539
17.7541
17.7542
17.7542
17.7543
17.7544
17.7544
17.7544
17.7545
17.7545
17.7545
17.7545
17.7545
17.7545
17.7545
17.7546
17.7546
17.7546
17.7546
17.7546
17.7546
17.7546
17.7546
17.7546
17.7546
17.7546
17.7546
17.7546
17.7546
17.7546
17.7546
17.7546
17.7546
17.7545
17.7545
17.7545
17.7545
17.7546
17.7546
17.7546
17.7546
17.7546
17.7546
17.7546
17.7546
17.7546
17.7546
17.7546
17.7546
17.7546
17.7546
17.7546
17.7546
17.7546
17.7546
17.7546
17.7546
17.7546
17.7546
17.7546
17.7545
17.7546
17.7545
17.7545
17.7545
17.7545
17.7545
17.7546
17.7546
17.7546
17.7546
17.7546
17.7546
17.7546
17.7546
17.7546
17.7546
17.7546
17.7546
17.7546
17.7546
17.7545
17.7545
17.7545
17.7545
17.7545
17.7545
17.7545
17.7545
17.7545
17.7545
17.7546
17.7546
17.7546
17.7546
17.7546
17.7546
17.7546
17.7546
17.7546
17.7546
17.7546
17.7546
17.7546
17.7546
17.7546
17.7546
17.7546
17.7546
17.7546
17.7546
17.7546
17.7546
17.7546
17.7546
17.7546
17.7546
17.7546
17.7546
17.7546
17.7546
17.7546
17.7546
17.7546
17.7546
17.7546
17.7546
17.7546
17.7546
17.7546
17.7546
17.7546
17.7546
17.7546
17.7546
17.7546
17.7546
17.7546
17.7546
17.7546
17.7546
17.7546
17.7546
17.7546
17.7546
17.7546
17.7546
17.7546
17.7546
17.7546
17.7546
17.7546
17.7546
17.7546
17.7546
17.7546
17.7546
17.7546
17.7546
17.7546
17.7546
17.7546
17.7546
17.7546
17.7546
17.7546
17.7546
17.7546
17.7546
17.7546
17.7546
17.7546
17.7546
17.7546
17.7546
17.7546
17.7546
17.7546
17.7546
17.7546
17.7546
17.7546
17.7546
17.7546
17.7546
17.7546
17.7546
17.7546
17.7546
17.7546
17.7546
17.7546
17.7546
17.7546
17.7546
17.7546
17.7546
17.7546
17.7546
17.7546
17.7546
17.7546
17.7546
17.7546
17.7546
17.7546
17.7546
17.7546
17.7546
17.7546
17.7546
17.7546
17.7546
17.7546
17.7546
17.7546
17.7546
17.7546
17.7546
17.7546
17.7546
17.7546
17.7546
17.7546
17.7546
17.7546
17.7546
17.7546
17.7546
17.7546
17.7546
17.7546
17.7546
17.7546
17.7546
17.7546
17.7546
17.7546
17.7546
17.7546
17.7546
17.7546
17.7546
17.7546
17.7546
17.7546
17.7546
17.7546
17.7546
17.7546
17.7546
17.7546
17.7546
17.7546
17.7546
17.7546
17.7546
17.7546
17.7546
17.7547
17.7547
17.7547
17.7547
17.7547
17.7547
17.7547
17.7547
17.7547
17.7546
17.7546
17.7546
17.7546
17.7546
17.7546
17.7546
17.7546
17.7546
17.7546
17.7546
17.7547
17.7547
17.7547
17.7547
17.7547
17.7547
17.7547
17.7547
17.7547
17.7547
17.7547
17.7547
17.7547
17.7547
17.7547
17.7547
17.7547
17.7547
17.7547
17.7547
17.7547
17.7547
17.7547
17.7547
17.7547
17.7547
17.7547
17.7547
17.7547
17.7547
17.7547
17.7547
17.7547
17.7547
17.7547
17.7547
17.7547
17.7547
17.7547
17.7547
17.7547
17.7547
17.7547
17.7547
17.7547
17.7547
17.7547
17.7547
17.7547
17.7547
17.7547
17.7547
17.7547
17.7547
17.7547
17.7547
17.7547
17.7547
17.7547
17.7547
17.7547
17.7547
17.7547
17.7547
17.7547
17.7547
17.7547
17.7547
17.7547
17.7547
17.7547
17.7547
17.7547
17.7547
17.7547
17.7547
17.7547
17.7547
17.7548
17.7548
17.7548
17.7548
17.7548
17.7548
17.7548
17.7548
17.7548
17.7548
17.7548
17.7548
17.7548
17.7548
17.7548
17.7548
17.7548
17.7548
17.7548
17.7548
17.7548
17.7548
17.7548
17.7548
17.7548
17.7548
17.7548
17.7548
17.7548
17.7548
17.7548
17.7548
17.7548
17.7548
17.7548
17.7548
17.7548
17.7548
17.7548
17.7548
17.7548
17.7548
17.7548
17.7549
17.7549
17.7549
17.7549
17.7549
17.7549
17.7549
17.7549
17.7549
17.7549
17.7549
17.7549
17.7549
17.7549
17.7549
17.7549
17.7549
17.7549
17.755
17.755
17.755
17.755
17.755
17.755
17.755
17.755
17.755
17.755
17.7549
17.7549
17.7548
17.7547
17.7544
17.754
17.7529
17.7537
17.7466
17.7469
17.7315
17.7075
27.3617
25.5878
23.877
22.7448
21.9581
21.0229
19.997
19.0713
18.2152
17.441
16.7591
16.1843
15.7333
15.4174
15.2355
15.1721
15.2009
15.2921
15.4185
15.5614
15.7079
15.8493
15.9801
16.0975
16.2003
16.2889
16.3642
16.4276
16.4806
16.5247
16.5612
16.5915
16.6165
16.6372
16.6543
16.6684
16.6802
16.69
16.6985
16.7056
16.7115
16.7163
16.7203
16.7236
16.7263
16.7285
16.7303
16.7319
16.7331
16.7341
16.735
16.7357
16.7363
16.7367
16.7371
16.7374
16.7377
16.7379
16.7381
16.7382
16.7383
16.7384
16.7385
16.7385
16.7386
16.7386
16.7386
16.7387
16.7387
16.7387
16.7387
16.7387
16.7387
16.7387
16.7387
16.7387
16.7387
16.7387
16.7387
16.7387
16.7387
16.7387
16.7387
16.7387
16.7388
16.7388
16.7388
16.7388
16.7387
16.7387
16.7387
16.7387
16.7387
16.7387
16.7387
16.7387
16.7387
16.7387
16.7387
16.7387
16.7387
16.7387
16.7387
16.7387
16.7388
16.7388
16.7388
16.7388
16.7388
16.7388
16.7388
16.7388
16.7388
16.7388
16.7388
16.7388
16.7388
16.7388
16.7388
16.7388
16.7388
16.7388
16.7388
16.7388
16.7388
16.7388
16.7388
16.7388
16.7388
16.7388
16.7388
16.7388
16.7388
16.7388
16.7388
16.7388
16.7388
16.7388
16.7388
16.7388
16.7388
16.7388
16.7388
16.7388
16.7388
16.7388
16.7388
16.7388
16.7388
16.7388
16.7388
16.7388
16.7388
16.7388
16.7388
16.7388
16.7388
16.7388
16.7388
16.7388
16.7388
16.7388
16.7388
16.7388
16.7388
16.7388
16.7388
16.7388
16.7388
16.7388
16.7388
16.7388
16.7388
16.7388
16.7388
16.7388
16.7388
16.7388
16.7388
16.7388
16.7388
16.7388
16.7388
16.7388
16.7388
16.7388
16.7388
16.7388
16.7388
16.7388
16.7388
16.7388
16.7388
16.7388
16.7388
16.7388
16.7388
16.7388
16.7388
16.7388
16.7388
16.7388
16.7388
16.7388
16.7388
16.7388
16.7388
16.7388
16.7388
16.7388
16.7388
16.7388
16.7388
16.7388
16.7388
16.7388
16.7388
16.7388
16.7388
16.7388
16.7388
16.7388
16.7388
16.7388
16.7388
16.7388
16.7388
16.7388
16.7388
16.7388
16.7388
16.7388
16.7388
16.7388
16.7388
16.7388
16.7388
16.7388
16.7388
16.7388
16.7388
16.7388
16.7388
16.7388
16.7388
16.7388
16.7388
16.7388
16.7388
16.7388
16.7388
16.7388
16.7388
16.7388
16.7388
16.7388
16.7388
16.7388
16.7388
16.7388
16.7388
16.7388
16.7388
16.7388
16.7388
16.7388
16.7388
16.7388
16.7388
16.7388
16.7388
16.7388
16.7388
16.7388
16.7388
16.7388
16.7388
16.7388
16.7388
16.7388
16.7388
16.7388
16.7388
16.7388
16.7388
16.7388
16.7388
16.7388
16.7388
16.7388
16.7388
16.7388
16.7388
16.7388
16.7388
16.7388
16.7388
16.7388
16.7388
16.7388
16.7388
16.7388
16.7388
16.7388
16.7388
16.7388
16.7388
16.7388
16.7388
16.7388
16.7388
16.7388
16.7388
16.7388
16.7388
16.7388
16.7389
16.7389
16.7389
16.7389
16.7389
16.7389
16.7389
16.7389
16.7389
16.7389
16.7389
16.7389
16.7389
16.7389
16.7389
16.7389
16.7389
16.7389
16.7389
16.7389
16.7389
16.7389
16.7389
16.7389
16.7389
16.7389
16.7389
16.7389
16.7389
16.7389
16.7389
16.7389
16.7389
16.7389
16.7389
16.7389
16.7389
16.7389
16.7389
16.7389
16.7389
16.7389
16.7389
16.7389
16.7389
16.7389
16.7389
16.7389
16.7389
16.7389
16.7389
16.7389
16.7389
16.7389
16.7389
16.7389
16.7389
16.7389
16.7389
16.7389
16.7389
16.7389
16.7389
16.7389
16.7389
16.7389
16.7389
16.7389
16.7389
16.7389
16.7389
16.7389
16.7389
16.7389
16.7389
16.7389
16.7389
16.7389
16.7389
16.7389
16.7389
16.7389
16.7389
16.7389
16.7389
16.7389
16.7389
16.7389
16.7389
16.7389
16.7389
16.7389
16.7389
16.7389
16.7389
16.7389
16.7389
16.7389
16.7389
16.7389
16.7389
16.739
16.739
16.739
16.739
16.739
16.739
16.739
16.739
16.739
16.739
16.739
16.739
16.739
16.739
16.739
16.739
16.739
16.739
16.739
16.739
16.739
16.739
16.739
16.739
16.739
16.739
16.739
16.739
16.739
16.739
16.739
16.739
16.739
16.739
16.739
16.739
16.739
16.739
16.739
16.739
16.739
16.739
16.739
16.739
16.7391
16.7391
16.7391
16.7391
16.7391
16.7391
16.7391
16.7391
16.7391
16.7391
16.7391
16.7391
16.7391
16.7391
16.7391
16.7391
16.7391
16.7391
16.7392
16.7392
16.7392
16.7392
16.7392
16.7392
16.7392
16.7391
16.7391
16.7391
16.739
16.7388
16.7384
16.7377
16.7361
16.7326
16.7277
16.7089
16.6773
16.6025
16.6207
25.4943
23.7487
22.0674
21.0214
20.3406
19.5081
18.58
17.731
16.932
16.1957
15.5346
14.9662
14.5111
14.1842
13.985
13.8957
13.8939
13.9563
14.0593
14.1848
14.3255
14.4607
14.5821
14.6874
14.7765
14.8509
14.9123
14.9626
15.0037
15.0371
15.0643
15.0864
15.1043
15.1188
15.1307
15.1403
15.1482
15.1547
15.1603
15.1649
15.1686
15.1715
15.1738
15.1757
15.1772
15.1784
15.1794
15.1802
15.1808
15.1813
15.1817
15.182
15.1823
15.1825
15.1827
15.1828
15.1829
15.1829
15.183
15.183
15.1831
15.1831
15.1831
15.1831
15.1831
15.1831
15.1831
15.1831
15.1831
15.1831
15.1831
15.1831
15.1831
15.1831
15.1831
15.1831
15.1831
15.1831
15.1831
15.1831
15.1831
15.1831
15.183
15.183
15.183
15.183
15.183
15.183
15.183
15.183
15.183
15.183
15.183
15.183
15.183
15.183
15.183
15.183
15.183
15.183
15.183
15.183
15.183
15.183
15.183
15.183
15.183
15.183
15.183
15.183
15.183
15.183
15.183
15.183
15.183
15.183
15.183
15.183
15.183
15.183
15.183
15.183
15.183
15.183
15.183
15.183
15.183
15.183
15.183
15.183
15.183
15.183
15.183
15.183
15.183
15.183
15.183
15.183
15.183
15.183
15.183
15.183
15.183
15.183
15.183
15.183
15.183
15.183
15.183
15.183
15.183
15.183
15.183
15.183
15.183
15.183
15.183
15.183
15.183
15.183
15.183
15.183
15.183
15.183
15.183
15.183
15.183
15.183
15.183
15.183
15.183
15.183
15.183
15.183
15.183
15.183
15.183
15.183
15.183
15.183
15.183
15.183
15.183
15.183
15.183
15.183
15.183
15.183
15.183
15.183
15.183
15.183
15.183
15.183
15.183
15.183
15.183
15.183
15.183
15.183
15.183
15.183
15.183
15.183
15.183
15.183
15.183
15.183
15.183
15.183
15.183
15.183
15.183
15.183
15.183
15.183
15.183
15.183
15.183
15.183
15.183
15.183
15.183
15.183
15.183
15.183
15.183
15.183
15.183
15.183
15.183
15.183
15.183
15.183
15.183
15.1831
15.1831
15.1831
15.1831
15.1831
15.183
15.183
15.183
15.183
15.1831
15.1831
15.1831
15.1831
15.1831
15.1831
15.1831
15.1831
15.1831
15.1831
15.1831
15.1831
15.1831
15.1831
15.1831
15.1831
15.1831
15.1831
15.1831
15.1831
15.1831
15.1831
15.1831
15.1831
15.1831
15.1831
15.1831
15.1831
15.1831
15.1831
15.1831
15.1831
15.1831
15.1831
15.1831
15.1831
15.1831
15.1831
15.1831
15.1831
15.1831
15.1831
15.1831
15.1831
15.1831
15.1831
15.1831
15.1831
15.1831
15.1831
15.1831
15.1831
15.1831
15.1831
15.1831
15.1831
15.1831
15.1831
15.1831
15.1831
15.1831
15.1831
15.1831
15.1831
15.1831
15.1831
15.1831
15.1831
15.1831
15.1831
15.1831
15.1831
15.1831
15.1831
15.1831
15.1831
15.1831
15.1831
15.1831
15.1831
15.1831
15.1831
15.1831
15.1831
15.1831
15.1831
15.1831
15.1831
15.1831
15.1831
15.1831
15.1831
15.1831
15.1831
15.1831
15.1831
15.1831
15.1831
15.1831
15.1831
15.1831
15.1831
15.1831
15.1831
15.1831
15.1831
15.1831
15.1831
15.1831
15.1831
15.1831
15.1831
15.1831
15.1831
15.1831
15.1831
15.1831
15.1831
15.1831
15.1831
15.1831
15.1831
15.1831
15.1831
15.1831
15.1831
15.1831
15.1831
15.1831
15.1831
15.1831
15.1831
15.1831
15.1831
15.1831
15.1831
15.1831
15.1831
15.1831
15.1831
15.1831
15.1831
15.1831
15.1831
15.1831
15.1831
15.1831
15.1831
15.1831
15.1831
15.1831
15.1831
15.1831
15.1831
15.1831
15.1831
15.1831
15.1831
15.1831
15.1831
15.1831
15.1831
15.1831
15.1831
15.1831
15.1831
15.1831
15.1831
15.1832
15.1832
15.1832
15.1832
15.1832
15.1832
15.1832
15.1832
15.1832
15.1832
15.1832
15.1832
15.1832
15.1832
15.1832
15.1832
15.1832
15.1832
15.1832
15.1832
15.1832
15.1832
15.1832
15.1832
15.1832
15.1832
15.1832
15.1832
15.1832
15.1832
15.1832
15.1832
15.1832
15.1832
15.1832
15.1832
15.1832
15.1832
15.1832
15.1832
15.1832
15.1832
15.1832
15.1832
15.1832
15.1832
15.1832
15.1832
15.1832
15.1832
15.1832
15.1832
15.1832
15.1832
15.1832
15.1833
15.1833
15.1833
15.1833
15.1833
15.1833
15.1833
15.1833
15.1833
15.1833
15.1833
15.1833
15.1833
15.1833
15.1833
15.1833
15.1833
15.1833
15.1833
15.1833
15.1832
15.1832
15.183
15.1828
15.1821
15.1806
15.1773
15.1695
15.154
15.109
15.0138
14.8508
15.1663
25.4943
23.7487
22.0674
21.0214
20.3406
19.5081
18.58
17.731
16.932
16.1957
15.5346
14.9662
14.5111
14.1842
13.985
13.8957
13.8939
13.9563
14.0593
14.1848
14.3255
14.4607
14.5821
14.6874
14.7765
14.8509
14.9123
14.9626
15.0037
15.0371
15.0643
15.0864
15.1043
15.1188
15.1307
15.1403
15.1482
15.1547
15.1603
15.1649
15.1686
15.1715
15.1738
15.1757
15.1772
15.1784
15.1794
15.1802
15.1808
15.1813
15.1817
15.182
15.1823
15.1825
15.1827
15.1828
15.1829
15.1829
15.183
15.183
15.1831
15.1831
15.1831
15.1831
15.1831
15.1831
15.1831
15.1831
15.1831
15.1831
15.1831
15.1831
15.1831
15.1831
15.1831
15.1831
15.1831
15.1831
15.1831
15.1831
15.1831
15.183
15.183
15.183
15.183
15.183
15.183
15.183
15.183
15.183
15.183
15.183
15.183
15.183
15.183
15.183
15.183
15.183
15.183
15.183
15.183
15.183
15.183
15.183
15.183
15.183
15.183
15.183
15.183
15.183
15.183
15.183
15.183
15.183
15.183
15.183
15.183
15.183
15.183
15.183
15.183
15.183
15.183
15.183
15.183
15.183
15.183
15.183
15.183
15.183
15.183
15.183
15.183
15.183
15.183
15.183
15.183
15.183
15.183
15.183
15.183
15.183
15.183
15.183
15.183
15.183
15.183
15.183
15.183
15.183
15.183
15.183
15.183
15.183
15.183
15.183
15.183
15.183
15.183
15.183
15.183
15.183
15.183
15.183
15.183
15.183
15.183
15.183
15.183
15.183
15.183
15.183
15.183
15.183
15.183
15.183
15.183
15.183
15.183
15.183
15.183
15.183
15.183
15.183
15.183
15.183
15.183
15.183
15.183
15.183
15.183
15.183
15.183
15.183
15.183
15.183
15.183
15.183
15.183
15.183
15.183
15.183
15.183
15.183
15.183
15.183
15.183
15.183
15.183
15.183
15.183
15.183
15.183
15.183
15.183
15.183
15.183
15.183
15.183
15.183
15.183
15.183
15.183
15.183
15.183
15.183
15.183
15.183
15.183
15.183
15.183
15.183
15.183
15.183
15.183
15.183
15.183
15.183
15.183
15.183
15.183
15.183
15.183
15.183
15.183
15.1831
15.1831
15.1831
15.1831
15.1831
15.1831
15.1831
15.1831
15.1831
15.1831
15.1831
15.1831
15.1831
15.1831
15.1831
15.1831
15.1831
15.1831
15.1831
15.1831
15.1831
15.1831
15.1831
15.1831
15.1831
15.1831
15.1831
15.1831
15.1831
15.1831
15.1831
15.1831
15.1831
15.1831
15.1831
15.1831
15.1831
15.1831
15.1831
15.1831
15.1831
15.1831
15.1831
15.1831
15.1831
15.1831
15.1831
15.1831
15.1831
15.1831
15.1831
15.1831
15.1831
15.1831
15.1831
15.1831
15.1831
15.1831
15.1831
15.1831
15.1831
15.1831
15.1831
15.1831
15.1831
15.1831
15.1831
15.1831
15.1831
15.1831
15.1831
15.1831
15.1831
15.1831
15.1831
15.1831
15.1831
15.1831
15.1831
15.1831
15.1831
15.1831
15.1831
15.1831
15.1831
15.1831
15.1831
15.1831
15.1831
15.1831
15.1831
15.1831
15.1831
15.1831
15.1831
15.1831
15.1831
15.1831
15.1831
15.1831
15.1831
15.1831
15.1831
15.1831
15.1831
15.1831
15.1831
15.1831
15.1831
15.1831
15.1831
15.1831
15.1831
15.1831
15.1831
15.1831
15.1831
15.1831
15.1831
15.1831
15.1831
15.1831
15.1831
15.1831
15.1831
15.1831
15.1831
15.1831
15.1831
15.1831
15.1831
15.1831
15.1831
15.1831
15.1831
15.1831
15.1831
15.1831
15.1831
15.1831
15.1831
15.1831
15.1831
15.1831
15.1831
15.1831
15.1831
15.1831
15.1831
15.1831
15.1831
15.1831
15.1831
15.1831
15.1831
15.1831
15.1831
15.1831
15.1831
15.1831
15.1831
15.1831
15.1831
15.1831
15.1831
15.1831
15.1831
15.1832
15.1832
15.1832
15.1832
15.1832
15.1832
15.1832
15.1832
15.1832
15.1832
15.1832
15.1832
15.1832
15.1832
15.1832
15.1832
15.1832
15.1832
15.1832
15.1832
15.1832
15.1832
15.1832
15.1832
15.1832
15.1832
15.1832
15.1832
15.1832
15.1832
15.1832
15.1832
15.1832
15.1832
15.1832
15.1832
15.1832
15.1832
15.1832
15.1832
15.1832
15.1832
15.1832
15.1832
15.1832
15.1832
15.1832
15.1832
15.1832
15.1832
15.1832
15.1832
15.1832
15.1832
15.1832
15.1833
15.1833
15.1833
15.1833
15.1833
15.1833
15.1833
15.1833
15.1833
15.1833
15.1833
15.1833
15.1833
15.1833
15.1833
15.1833
15.1833
15.1833
15.1833
15.1833
15.1833
15.1832
15.1831
15.1828
15.1821
15.1806
15.1774
15.1695
15.154
15.109
15.0138
14.8508
15.1663
27.3617
25.5878
23.877
22.7448
21.9581
21.0229
19.997
19.0713
18.2152
17.441
16.7591
16.1843
15.7333
15.4174
15.2355
15.1721
15.2009
15.2921
15.4185
15.5614
15.7079
15.8493
15.9801
16.0975
16.2003
16.2889
16.3642
16.4276
16.4806
16.5247
16.5612
16.5915
16.6165
16.6372
16.6543
16.6684
16.6802
16.69
16.6985
16.7056
16.7115
16.7163
16.7203
16.7236
16.7263
16.7285
16.7303
16.7319
16.7331
16.7341
16.735
16.7357
16.7363
16.7367
16.7371
16.7374
16.7377
16.7379
16.7381
16.7382
16.7383
16.7384
16.7385
16.7385
16.7386
16.7386
16.7386
16.7387
16.7387
16.7387
16.7387
16.7387
16.7387
16.7387
16.7387
16.7387
16.7387
16.7387
16.7387
16.7387
16.7387
16.7387
16.7387
16.7387
16.7387
16.7387
16.7387
16.7387
16.7387
16.7387
16.7387
16.7387
16.7387
16.7387
16.7387
16.7387
16.7387
16.7387
16.7387
16.7387
16.7387
16.7387
16.7387
16.7387
16.7387
16.7387
16.7388
16.7388
16.7387
16.7387
16.7388
16.7388
16.7388
16.7388
16.7388
16.7388
16.7388
16.7388
16.7388
16.7388
16.7388
16.7388
16.7388
16.7388
16.7388
16.7388
16.7388
16.7388
16.7388
16.7388
16.7388
16.7388
16.7388
16.7388
16.7388
16.7388
16.7388
16.7388
16.7388
16.7388
16.7388
16.7388
16.7388
16.7388
16.7388
16.7388
16.7388
16.7388
16.7388
16.7388
16.7388
16.7388
16.7388
16.7388
16.7388
16.7388
16.7388
16.7388
16.7388
16.7388
16.7388
16.7388
16.7388
16.7388
16.7388
16.7388
16.7388
16.7388
16.7388
16.7388
16.7388
16.7388
16.7388
16.7388
16.7388
16.7388
16.7388
16.7388
16.7388
16.7388
16.7388
16.7388
16.7388
16.7388
16.7388
16.7388
16.7388
16.7388
16.7388
16.7388
16.7388
16.7388
16.7388
16.7388
16.7388
16.7388
16.7388
16.7388
16.7388
16.7388
16.7388
16.7388
16.7388
16.7388
16.7388
16.7388
16.7388
16.7388
16.7388
16.7388
16.7388
16.7388
16.7388
16.7388
16.7388
16.7388
16.7388
16.7388
16.7388
16.7388
16.7388
16.7388
16.7388
16.7388
16.7388
16.7388
16.7388
16.7388
16.7388
16.7388
16.7388
16.7388
16.7388
16.7388
16.7388
16.7388
16.7388
16.7388
16.7388
16.7388
16.7388
16.7388
16.7388
16.7388
16.7388
16.7388
16.7388
16.7388
16.7388
16.7388
16.7388
16.7388
16.7388
16.7388
16.7388
16.7388
16.7388
16.7388
16.7388
16.7388
16.7388
16.7388
16.7388
16.7388
16.7388
16.7388
16.7388
16.7388
16.7388
16.7388
16.7388
16.7388
16.7388
16.7388
16.7388
16.7388
16.7388
16.7388
16.7388
16.7388
16.7388
16.7388
16.7388
16.7388
16.7388
16.7388
16.7388
16.7388
16.7388
16.7388
16.7388
16.7388
16.7388
16.7388
16.7388
16.7388
16.7388
16.7388
16.7388
16.7388
16.7388
16.7388
16.7388
16.7388
16.7388
16.7388
16.7388
16.7388
16.7388
16.7388
16.7388
16.7389
16.7389
16.7389
16.7389
16.7389
16.7389
16.7389
16.7389
16.7389
16.7389
16.7389
16.7389
16.7389
16.7389
16.7389
16.7389
16.7389
16.7389
16.7389
16.7389
16.7389
16.7389
16.7389
16.7389
16.7389
16.7389
16.7389
16.7389
16.7389
16.7389
16.7389
16.7389
16.7389
16.7389
16.7389
16.7389
16.7389
16.7389
16.7389
16.7389
16.7389
16.7389
16.7389
16.7389
16.7389
16.7389
16.7389
16.7389
16.7389
16.7389
16.7389
16.7389
16.7389
16.7389
16.7389
16.7389
16.7389
16.7389
16.7389
16.7389
16.7389
16.7389
16.7389
16.7389
16.7389
16.7389
16.7389
16.7389
16.7389
16.7389
16.7389
16.7389
16.7389
16.7389
16.7389
16.7389
16.7389
16.7389
16.7389
16.7389
16.7389
16.7389
16.7389
16.7389
16.7389
16.7389
16.7389
16.7389
16.7389
16.7389
16.7389
16.7389
16.7389
16.7389
16.7389
16.7389
16.7389
16.7389
16.7389
16.7389
16.7389
16.7389
16.7389
16.7389
16.7389
16.739
16.739
16.739
16.739
16.739
16.739
16.739
16.739
16.739
16.739
16.739
16.739
16.739
16.739
16.739
16.739
16.739
16.739
16.739
16.739
16.739
16.739
16.739
16.739
16.739
16.739
16.739
16.739
16.739
16.739
16.739
16.739
16.739
16.739
16.739
16.739
16.739
16.739
16.739
16.739
16.739
16.739
16.739
16.7391
16.7391
16.7391
16.7391
16.7391
16.7391
16.7391
16.7391
16.7391
16.7391
16.7391
16.7391
16.7391
16.7391
16.7391
16.7391
16.7391
16.7392
16.7392
16.7392
16.7392
16.7392
16.7392
16.7392
16.7392
16.7392
16.7392
16.7392
16.7391
16.7391
16.739
16.7388
16.7385
16.7377
16.7361
16.7326
16.7277
16.7089
16.6773
16.6025
16.6206
28.3851
26.5962
24.8697
23.6953
22.8604
21.8782
20.8051
19.8427
18.9603
18.1706
17.4833
16.9115
16.4692
16.1651
15.9961
15.9457
15.9882
16.0948
16.2396
16.4018
16.5663
16.7233
16.8674
16.9967
17.111
17.2108
17.2969
17.3705
17.4329
17.4856
17.5298
17.5668
17.5977
17.6235
17.645
17.6629
17.6778
17.6904
17.7012
17.7104
17.7181
17.7244
17.7296
17.734
17.7376
17.7406
17.743
17.7451
17.7468
17.7482
17.7493
17.7503
17.7511
17.7517
17.7522
17.7527
17.753
17.7533
17.7536
17.7538
17.7539
17.7541
17.7542
17.7543
17.7543
17.7544
17.7544
17.7544
17.7545
17.7545
17.7545
17.7545
17.7545
17.7545
17.7546
17.7546
17.7546
17.7546
17.7546
17.7546
17.7546
17.7546
17.7546
17.7546
17.7546
17.7546
17.7546
17.7546
17.7546
17.7546
17.7546
17.7546
17.7546
17.7546
17.7545
17.7546
17.7546
17.7546
17.7546
17.7546
17.7546
17.7546
17.7546
17.7546
17.7546
17.7546
17.7546
17.7546
17.7546
17.7546
17.7546
17.7546
17.7546
17.7546
17.7546
17.7546
17.7546
17.7546
17.7546
17.7546
17.7546
17.7546
17.7546
17.7546
17.7546
17.7546
17.7546
17.7546
17.7546
17.7546
17.7546
17.7546
17.7546
17.7546
17.7546
17.7546
17.7546
17.7546
17.7546
17.7546
17.7546
17.7546
17.7546
17.7546
17.7546
17.7546
17.7546
17.7546
17.7546
17.7546
17.7546
17.7546
17.7546
17.7546
17.7546
17.7546
17.7546
17.7546
17.7546
17.7546
17.7546
17.7546
17.7546
17.7546
17.7546
17.7546
17.7546
17.7546
17.7546
17.7546
17.7546
17.7546
17.7546
17.7546
17.7546
17.7546
17.7546
17.7546
17.7546
17.7546
17.7546
17.7546
17.7546
17.7546
17.7546
17.7546
17.7546
17.7546
17.7546
17.7546
17.7546
17.7546
17.7546
17.7546
17.7546
17.7546
17.7546
17.7546
17.7546
17.7546
17.7546
17.7546
17.7546
17.7546
17.7546
17.7546
17.7546
17.7546
17.7546
17.7546
17.7546
17.7546
17.7546
17.7546
17.7546
17.7546
17.7546
17.7546
17.7546
17.7546
17.7546
17.7546
17.7546
17.7546
17.7546
17.7546
17.7546
17.7546
17.7546
17.7546
17.7546
17.7546
17.7546
17.7546
17.7546
17.7546
17.7546
17.7546
17.7546
17.7546
17.7546
17.7546
17.7546
17.7546
17.7546
17.7546
17.7546
17.7546
17.7546
17.7546
17.7546
17.7546
17.7546
17.7546
17.7546
17.7546
17.7546
17.7546
17.7546
17.7546
17.7546
17.7546
17.7546
17.7546
17.7546
17.7546
17.7546
17.7546
17.7546
17.7546
17.7546
17.7546
17.7546
17.7546
17.7546
17.7546
17.7546
17.7546
17.7546
17.7546
17.7546
17.7546
17.7546
17.7546
17.7546
17.7546
17.7546
17.7546
17.7546
17.7546
17.7546
17.7546
17.7546
17.7546
17.7546
17.7546
17.7546
17.7546
17.7546
17.7546
17.7546
17.7546
17.7546
17.7546
17.7546
17.7546
17.7546
17.7546
17.7546
17.7546
17.7546
17.7546
17.7546
17.7546
17.7546
17.7546
17.7546
17.7547
17.7547
17.7547
17.7547
17.7547
17.7547
17.7547
17.7547
17.7547
17.7547
17.7547
17.7546
17.7546
17.7546
17.7546
17.7546
17.7547
17.7547
17.7547
17.7547
17.7547
17.7547
17.7547
17.7547
17.7547
17.7547
17.7547
17.7547
17.7547
17.7547
17.7547
17.7547
17.7547
17.7547
17.7547
17.7547
17.7547
17.7547
17.7547
17.7547
17.7547
17.7547
17.7547
17.7547
17.7547
17.7547
17.7547
17.7547
17.7547
17.7547
17.7547
17.7547
17.7547
17.7547
17.7547
17.7547
17.7547
17.7547
17.7547
17.7547
17.7547
17.7547
17.7547
17.7547
17.7547
17.7547
17.7547
17.7547
17.7547
17.7547
17.7547
17.7547
17.7547
17.7547
17.7547
17.7547
17.7547
17.7547
17.7547
17.7547
17.7547
17.7547
17.7547
17.7547
17.7547
17.7547
17.7547
17.7547
17.7547
17.7547
17.7547
17.7547
17.7547
17.7547
17.7547
17.7547
17.7547
17.7547
17.7548
17.7548
17.7548
17.7548
17.7548
17.7548
17.7548
17.7548
17.7548
17.7548
17.7548
17.7548
17.7548
17.7548
17.7548
17.7548
17.7548
17.7548
17.7548
17.7548
17.7548
17.7548
17.7548
17.7548
17.7548
17.7548
17.7548
17.7548
17.7548
17.7548
17.7548
17.7548
17.7548
17.7548
17.7548
17.7548
17.7548
17.7548
17.7548
17.7548
17.7548
17.7549
17.7549
17.7549
17.7549
17.7549
17.7549
17.7549
17.7549
17.7549
17.7549
17.7549
17.7549
17.7549
17.7549
17.7549
17.7549
17.7549
17.7549
17.755
17.755
17.755
17.755
17.755
17.755
17.755
17.755
17.755
17.755
17.755
17.755
17.755
17.755
17.755
17.7549
17.7549
17.7547
17.7544
17.754
17.7529
17.7537
17.7466
17.7469
17.7315
17.7075
28.3851
26.5962
24.8697
23.6953
22.8604
21.8782
20.8051
19.8427
18.9603
18.1706
17.4833
16.9115
16.4692
16.1651
15.9961
15.9457
15.9882
16.0948
16.2396
16.4018
16.5663
16.7233
16.8674
16.9967
17.111
17.2108
17.2969
17.3705
17.4329
17.4856
17.5298
17.5668
17.5977
17.6235
17.645
17.6629
17.6778
17.6904
17.7012
17.7104
17.7181
17.7244
17.7296
17.734
17.7376
17.7406
17.743
17.7451
17.7468
17.7482
17.7493
17.7503
17.7511
17.7517
17.7522
17.7527
17.753
17.7533
17.7536
17.7538
17.7539
17.7541
17.7542
17.7543
17.7543
17.7544
17.7544
17.7545
17.7545
17.7545
17.7545
17.7545
17.7545
17.7545
17.7546
17.7546
17.7546
17.7546
17.7546
17.7546
17.7546
17.7546
17.7546
17.7546
17.7546
17.7546
17.7546
17.7546
17.7546
17.7546
17.7546
17.7546
17.7546
17.7546
17.7546
17.7546
17.7546
17.7546
17.7546
17.7546
17.7546
17.7546
17.7546
17.7546
17.7546
17.7546
17.7546
17.7546
17.7546
17.7546
17.7546
17.7546
17.7546
17.7546
17.7546
17.7546
17.7546
17.7546
17.7546
17.7546
17.7546
17.7546
17.7546
17.7546
17.7546
17.7546
17.7546
17.7546
17.7546
17.7546
17.7546
17.7546
17.7546
17.7546
17.7546
17.7546
17.7546
17.7546
17.7546
17.7546
17.7546
17.7546
17.7546
17.7546
17.7546
17.7546
17.7546
17.7546
17.7546
17.7546
17.7546
17.7546
17.7546
17.7546
17.7546
17.7546
17.7546
17.7546
17.7546
17.7546
17.7546
17.7546
17.7546
17.7546
17.7546
17.7546
17.7546
17.7546
17.7546
17.7546
17.7546
17.7546
17.7546
17.7546
17.7546
17.7546
17.7546
17.7546
17.7546
17.7546
17.7546
17.7546
17.7546
17.7546
17.7546
17.7546
17.7546
17.7546
17.7546
17.7546
17.7546
17.7546
17.7546
17.7546
17.7546
17.7546
17.7546
17.7546
17.7546
17.7546
17.7546
17.7546
17.7546
17.7546
17.7546
17.7546
17.7546
17.7546
17.7546
17.7546
17.7546
17.7546
17.7546
17.7546
17.7546
17.7546
17.7546
17.7546
17.7546
17.7546
17.7546
17.7546
17.7546
17.7546
17.7546
17.7546
17.7546
17.7546
17.7546
17.7546
17.7546
17.7546
17.7546
17.7546
17.7546
17.7546
17.7546
17.7546
17.7546
17.7546
17.7546
17.7546
17.7546
17.7546
17.7546
17.7546
17.7546
17.7546
17.7546
17.7546
17.7546
17.7546
17.7546
17.7546
17.7546
17.7546
17.7546
17.7546
17.7546
17.7546
17.7546
17.7546
17.7546
17.7546
17.7546
17.7546
17.7546
17.7546
17.7546
17.7546
17.7546
17.7546
17.7546
17.7546
17.7546
17.7546
17.7546
17.7546
17.7546
17.7546
17.7546
17.7546
17.7546
17.7546
17.7546
17.7546
17.7546
17.7546
17.7546
17.7546
17.7546
17.7546
17.7546
17.7546
17.7546
17.7546
17.7546
17.7546
17.7546
17.7546
17.7546
17.7546
17.7546
17.7546
17.7546
17.7546
17.7546
17.7546
17.7546
17.7546
17.7546
17.7546
17.7546
17.7546
17.7546
17.7547
17.7547
17.7547
17.7547
17.7547
17.7547
17.7547
17.7547
17.7547
17.7547
17.7547
17.7547
17.7547
17.7546
17.7546
17.7546
17.7546
17.7546
17.7547
17.7547
17.7547
17.7547
17.7547
17.7547
17.7547
17.7547
17.7547
17.7547
17.7547
17.7547
17.7547
17.7547
17.7547
17.7547
17.7547
17.7547
17.7547
17.7547
17.7547
17.7547
17.7547
17.7547
17.7547
17.7547
17.7547
17.7547
17.7547
17.7547
17.7547
17.7547
17.7547
17.7547
17.7547
17.7547
17.7547
17.7547
17.7547
17.7547
17.7547
17.7547
17.7547
17.7547
17.7547
17.7547
17.7547
17.7547
17.7547
17.7547
17.7547
17.7547
17.7547
17.7547
17.7547
17.7547
17.7547
17.7547
17.7547
17.7547
17.7547
17.7547
17.7547
17.7547
17.7547
17.7547
17.7547
17.7547
17.7547
17.7547
17.7547
17.7547
17.7547
17.7547
17.7547
17.7547
17.7547
17.7547
17.7547
17.7547
17.7547
17.7547
17.7548
17.7548
17.7548
17.7548
17.7548
17.7548
17.7548
17.7548
17.7548
17.7548
17.7548
17.7548
17.7548
17.7548
17.7548
17.7548
17.7548
17.7548
17.7548
17.7548
17.7548
17.7548
17.7548
17.7548
17.7548
17.7548
17.7548
17.7548
17.7548
17.7548
17.7548
17.7548
17.7548
17.7548
17.7548
17.7548
17.7548
17.7548
17.7548
17.7548
17.7549
17.7549
17.7549
17.7549
17.7549
17.7549
17.7549
17.7549
17.7549
17.7549
17.7549
17.7549
17.7549
17.7549
17.7549
17.7549
17.7549
17.7549
17.755
17.755
17.755
17.755
17.755
17.755
17.755
17.755
17.755
17.755
17.755
17.755
17.755
17.755
17.755
17.755
17.7549
17.7549
17.7547
17.7544
17.754
17.7529
17.7537
17.7466
17.7469
17.7315
17.7075
27.3617
25.5878
23.877
22.7448
21.9581
21.0229
19.997
19.0713
18.2152
17.441
16.7591
16.1843
15.7333
15.4174
15.2355
15.1721
15.2009
15.2921
15.4185
15.5614
15.7079
15.8493
15.9801
16.0975
16.2003
16.2889
16.3642
16.4276
16.4806
16.5247
16.5612
16.5915
16.6165
16.6372
16.6543
16.6684
16.6802
16.69
16.6985
16.7056
16.7115
16.7163
16.7203
16.7236
16.7263
16.7285
16.7303
16.7319
16.7331
16.7341
16.735
16.7357
16.7363
16.7367
16.7371
16.7374
16.7377
16.7379
16.7381
16.7382
16.7383
16.7384
16.7385
16.7385
16.7386
16.7386
16.7386
16.7387
16.7387
16.7387
16.7387
16.7387
16.7387
16.7387
16.7387
16.7387
16.7387
16.7387
16.7387
16.7387
16.7387
16.7387
16.7387
16.7387
16.7387
16.7387
16.7388
16.7388
16.7388
16.7388
16.7387
16.7387
16.7387
16.7387
16.7387
16.7387
16.7387
16.7387
16.7387
16.7387
16.7387
16.7387
16.7388
16.7388
16.7388
16.7388
16.7388
16.7388
16.7388
16.7388
16.7388
16.7388
16.7388
16.7388
16.7388
16.7388
16.7388
16.7388
16.7388
16.7388
16.7388
16.7388
16.7388
16.7388
16.7388
16.7388
16.7388
16.7388
16.7388
16.7388
16.7388
16.7388
16.7388
16.7388
16.7388
16.7388
16.7388
16.7388
16.7388
16.7388
16.7388
16.7388
16.7388
16.7388
16.7388
16.7388
16.7388
16.7388
16.7388
16.7388
16.7388
16.7388
16.7388
16.7388
16.7388
16.7388
16.7388
16.7388
16.7388
16.7388
16.7388
16.7388
16.7388
16.7388
16.7388
16.7388
16.7388
16.7388
16.7388
16.7388
16.7388
16.7388
16.7388
16.7388
16.7388
16.7388
16.7388
16.7388
16.7388
16.7388
16.7388
16.7388
16.7388
16.7388
16.7388
16.7388
16.7388
16.7388
16.7388
16.7388
16.7388
16.7388
16.7388
16.7388
16.7388
16.7388
16.7388
16.7388
16.7388
16.7388
16.7388
16.7388
16.7388
16.7388
16.7388
16.7388
16.7388
16.7388
16.7388
16.7388
16.7388
16.7388
16.7388
16.7388
16.7388
16.7388
16.7388
16.7388
16.7388
16.7388
16.7388
16.7388
16.7388
16.7388
16.7388
16.7388
16.7388
16.7388
16.7388
16.7388
16.7388
16.7388
16.7388
16.7388
16.7388
16.7388
16.7388
16.7388
16.7388
16.7388
16.7388
16.7388
16.7388
16.7388
16.7388
16.7388
16.7388
16.7388
16.7388
16.7388
16.7388
16.7388
16.7388
16.7388
16.7388
16.7388
16.7388
16.7388
16.7388
16.7388
16.7388
16.7388
16.7388
16.7388
16.7388
16.7388
16.7388
16.7388
16.7388
16.7388
16.7388
16.7388
16.7388
16.7388
16.7388
16.7388
16.7388
16.7388
16.7388
16.7388
16.7388
16.7388
16.7388
16.7388
16.7388
16.7388
16.7388
16.7388
16.7388
16.7388
16.7388
16.7388
16.7388
16.7388
16.7388
16.7388
16.7388
16.7388
16.7388
16.7388
16.7388
16.7388
16.7388
16.7388
16.7388
16.7388
16.7388
16.7389
16.7389
16.7389
16.7389
16.7389
16.7389
16.7389
16.7389
16.7389
16.7389
16.7389
16.7389
16.7389
16.7389
16.7389
16.7389
16.7389
16.7389
16.7389
16.7389
16.7389
16.7389
16.7389
16.7389
16.7389
16.7389
16.7389
16.7389
16.7389
16.7389
16.7389
16.7389
16.7389
16.7389
16.7389
16.7389
16.7389
16.7389
16.7389
16.7389
16.7389
16.7389
16.7389
16.7389
16.7389
16.7389
16.7389
16.7389
16.7389
16.7389
16.7389
16.7389
16.7389
16.7389
16.7389
16.7389
16.7389
16.7389
16.7389
16.7389
16.7389
16.7389
16.7389
16.7389
16.7389
16.7389
16.7389
16.7389
16.7389
16.7389
16.7389
16.7389
16.7389
16.7389
16.7389
16.7389
16.7389
16.7389
16.7389
16.7389
16.7389
16.7389
16.7389
16.7389
16.7389
16.7389
16.7389
16.7389
16.7389
16.7389
16.7389
16.7389
16.7389
16.7389
16.7389
16.7389
16.7389
16.7389
16.7389
16.7389
16.7389
16.7389
16.7389
16.7389
16.7389
16.7389
16.7389
16.7389
16.739
16.739
16.739
16.739
16.739
16.739
16.739
16.739
16.739
16.739
16.739
16.739
16.739
16.739
16.739
16.739
16.739
16.739
16.739
16.739
16.739
16.739
16.739
16.739
16.739
16.739
16.739
16.739
16.739
16.739
16.739
16.739
16.739
16.739
16.739
16.739
16.739
16.739
16.739
16.739
16.739
16.739
16.7391
16.7391
16.7391
16.7391
16.7391
16.7391
16.7391
16.7391
16.7391
16.7391
16.7391
16.7391
16.7391
16.7391
16.7391
16.7391
16.7391
16.7391
16.7392
16.7392
16.7392
16.7392
16.7392
16.7392
16.7392
16.7392
16.7392
16.7392
16.7392
16.7392
16.7391
16.7391
16.739
16.7388
16.7385
16.7377
16.7361
16.7326
16.7277
16.7089
16.6773
16.6025
16.6207
25.4943
23.7487
22.0674
21.0214
20.3406
19.5081
18.58
17.731
16.932
16.1957
15.5346
14.9662
14.5111
14.1842
13.985
13.8957
13.8939
13.9563
14.0593
14.1849
14.3255
14.4607
14.5821
14.6874
14.7765
14.8509
14.9123
14.9626
15.0037
15.0371
15.0643
15.0864
15.1043
15.1188
15.1307
15.1403
15.1482
15.1547
15.1603
15.1649
15.1686
15.1715
15.1738
15.1757
15.1772
15.1784
15.1794
15.1802
15.1808
15.1813
15.1817
15.182
15.1823
15.1825
15.1827
15.1828
15.1829
15.1829
15.183
15.183
15.1831
15.1831
15.1831
15.1831
15.1831
15.1831
15.1831
15.1831
15.1831
15.1831
15.1831
15.1831
15.1831
15.1831
15.1831
15.1831
15.1831
15.1831
15.1831
15.1831
15.1831
15.1831
15.183
15.183
15.183
15.183
15.183
15.183
15.183
15.183
15.183
15.183
15.183
15.183
15.183
15.183
15.183
15.183
15.183
15.183
15.183
15.183
15.183
15.183
15.183
15.183
15.183
15.183
15.183
15.183
15.183
15.183
15.183
15.183
15.183
15.183
15.183
15.183
15.183
15.183
15.183
15.183
15.183
15.183
15.183
15.183
15.183
15.183
15.183
15.183
15.183
15.183
15.183
15.183
15.183
15.183
15.183
15.183
15.183
15.183
15.183
15.183
15.183
15.183
15.183
15.183
15.183
15.183
15.183
15.183
15.183
15.183
15.183
15.183
15.183
15.183
15.183
15.183
15.183
15.183
15.183
15.183
15.183
15.183
15.183
15.183
15.183
15.183
15.183
15.183
15.183
15.183
15.183
15.183
15.183
15.183
15.183
15.183
15.183
15.183
15.183
15.183
15.183
15.183
15.183
15.183
15.183
15.183
15.183
15.183
15.183
15.183
15.183
15.183
15.183
15.183
15.183
15.183
15.183
15.183
15.183
15.183
15.183
15.183
15.183
15.183
15.183
15.183
15.183
15.183
15.183
15.183
15.183
15.183
15.183
15.183
15.183
15.183
15.183
15.183
15.183
15.183
15.183
15.183
15.183
15.183
15.183
15.183
15.183
15.183
15.183
15.183
15.183
15.1831
15.1831
15.1831
15.1831
15.1831
15.1831
15.1831
15.1831
15.1831
15.1831
15.1831
15.1831
15.1831
15.1831
15.1831
15.1831
15.1831
15.1831
15.1831
15.1831
15.1831
15.1831
15.1831
15.1831
15.1831
15.1831
15.1831
15.1831
15.1831
15.1831
15.1831
15.1831
15.1831
15.1831
15.1831
15.1831
15.1831
15.1831
15.1831
15.1831
15.1831
15.1831
15.1831
15.1831
15.1831
15.1831
15.1831
15.1831
15.1831
15.1831
15.1831
15.1831
15.1831
15.1831
15.1831
15.1831
15.1831
15.1831
15.1831
15.1831
15.1831
15.1831
15.1831
15.1831
15.1831
15.1831
15.1831
15.1831
15.1831
15.1831
15.1831
15.1831
15.1831
15.1831
15.1831
15.1831
15.1831
15.1831
15.1831
15.1831
15.1831
15.1831
15.1831
15.1831
15.1831
15.1831
15.1831
15.1831
15.1831
15.1831
15.1831
15.1831
15.1831
15.1831
15.1831
15.1831
15.1831
15.1831
15.1831
15.1831
15.1831
15.1831
15.1831
15.1831
15.1831
15.1831
15.1831
15.1831
15.1831
15.1831
15.1831
15.1831
15.1831
15.1831
15.1831
15.1831
15.1831
15.1831
15.1831
15.1831
15.1831
15.1831
15.1831
15.1831
15.1831
15.1831
15.1831
15.1831
15.1831
15.1831
15.1831
15.1831
15.1831
15.1831
15.1831
15.1831
15.1831
15.1831
15.1831
15.1831
15.1831
15.1831
15.1831
15.1831
15.1831
15.1831
15.1831
15.1831
15.1831
15.1831
15.1831
15.1831
15.1831
15.1831
15.1831
15.1831
15.1831
15.1831
15.1831
15.1831
15.1831
15.1831
15.1831
15.1831
15.1831
15.1831
15.1831
15.1831
15.1831
15.1831
15.1831
15.1831
15.1831
15.1831
15.1831
15.1831
15.1831
15.1831
15.1832
15.1832
15.1832
15.1832
15.1832
15.1832
15.1832
15.1832
15.1832
15.1832
15.1832
15.1832
15.1832
15.1832
15.1832
15.1832
15.1832
15.1832
15.1832
15.1832
15.1832
15.1832
15.1832
15.1832
15.1832
15.1832
15.1832
15.1832
15.1832
15.1832
15.1832
15.1832
15.1832
15.1832
15.1832
15.1832
15.1832
15.1832
15.1832
15.1832
15.1832
15.1832
15.1832
15.1832
15.1832
15.1832
15.1832
15.1832
15.1832
15.1832
15.1832
15.1832
15.1832
15.1832
15.1833
15.1833
15.1833
15.1833
15.1833
15.1833
15.1833
15.1833
15.1833
15.1833
15.1833
15.1833
15.1833
15.1833
15.1833
15.1833
15.1833
15.1833
15.1833
15.1833
15.1833
15.1833
15.1833
15.1832
15.1831
15.1828
15.1821
15.1807
15.1774
15.1696
15.154
15.109
15.0138
14.8508
15.1664
25.4943
23.7487
22.0674
21.0214
20.3406
19.5081
18.58
17.731
16.932
16.1957
15.5346
14.9662
14.5111
14.1842
13.985
13.8957
13.8939
13.9563
14.0593
14.1849
14.3255
14.4607
14.5821
14.6874
14.7765
14.8509
14.9123
14.9626
15.0037
15.0371
15.0643
15.0864
15.1043
15.1188
15.1307
15.1403
15.1482
15.1547
15.1603
15.1649
15.1686
15.1715
15.1738
15.1757
15.1772
15.1784
15.1794
15.1802
15.1808
15.1813
15.1817
15.182
15.1823
15.1825
15.1827
15.1828
15.1829
15.1829
15.183
15.183
15.1831
15.1831
15.1831
15.1831
15.1831
15.1831
15.1831
15.1831
15.1831
15.1831
15.1831
15.1831
15.1831
15.1831
15.1831
15.1831
15.1831
15.1831
15.1831
15.1831
15.1831
15.1831
15.183
15.183
15.183
15.183
15.183
15.183
15.183
15.183
15.183
15.183
15.183
15.183
15.183
15.183
15.183
15.183
15.183
15.183
15.183
15.183
15.183
15.183
15.183
15.183
15.183
15.183
15.183
15.183
15.183
15.183
15.183
15.183
15.183
15.183
15.183
15.183
15.183
15.183
15.183
15.183
15.183
15.183
15.183
15.183
15.183
15.183
15.183
15.183
15.183
15.183
15.183
15.183
15.183
15.183
15.183
15.183
15.183
15.183
15.183
15.183
15.183
15.183
15.183
15.183
15.183
15.183
15.183
15.183
15.183
15.183
15.183
15.183
15.183
15.183
15.183
15.183
15.183
15.183
15.183
15.183
15.183
15.183
15.183
15.183
15.183
15.183
15.183
15.183
15.183
15.183
15.183
15.183
15.183
15.183
15.183
15.183
15.183
15.183
15.183
15.183
15.183
15.183
15.183
15.183
15.183
15.183
15.183
15.183
15.183
15.183
15.183
15.183
15.183
15.183
15.183
15.183
15.183
15.183
15.183
15.183
15.183
15.183
15.183
15.183
15.183
15.183
15.183
15.183
15.183
15.183
15.183
15.183
15.183
15.183
15.183
15.183
15.183
15.183
15.183
15.183
15.183
15.183
15.183
15.183
15.183
15.183
15.183
15.183
15.183
15.183
15.183
15.183
15.1831
15.1831
15.1831
15.1831
15.1831
15.1831
15.1831
15.1831
15.1831
15.1831
15.1831
15.1831
15.1831
15.1831
15.1831
15.1831
15.1831
15.1831
15.1831
15.1831
15.1831
15.1831
15.1831
15.1831
15.1831
15.1831
15.1831
15.1831
15.1831
15.1831
15.1831
15.1831
15.1831
15.1831
15.1831
15.1831
15.1831
15.1831
15.1831
15.1831
15.1831
15.1831
15.1831
15.1831
15.1831
15.1831
15.1831
15.1831
15.1831
15.1831
15.1831
15.1831
15.1831
15.1831
15.1831
15.1831
15.1831
15.1831
15.1831
15.1831
15.1831
15.1831
15.1831
15.1831
15.1831
15.1831
15.1831
15.1831
15.1831
15.1831
15.1831
15.1831
15.1831
15.1831
15.1831
15.1831
15.1831
15.1831
15.1831
15.1831
15.1831
15.1831
15.1831
15.1831
15.1831
15.1831
15.1831
15.1831
15.1831
15.1831
15.1831
15.1831
15.1831
15.1831
15.1831
15.1831
15.1831
15.1831
15.1831
15.1831
15.1831
15.1831
15.1831
15.1831
15.1831
15.1831
15.1831
15.1831
15.1831
15.1831
15.1831
15.1831
15.1831
15.1831
15.1831
15.1831
15.1831
15.1831
15.1831
15.1831
15.1831
15.1831
15.1831
15.1831
15.1831
15.1831
15.1831
15.1831
15.1831
15.1831
15.1831
15.1831
15.1831
15.1831
15.1831
15.1831
15.1831
15.1831
15.1831
15.1831
15.1831
15.1831
15.1831
15.1831
15.1831
15.1831
15.1831
15.1831
15.1831
15.1831
15.1831
15.1831
15.1831
15.1831
15.1831
15.1831
15.1831
15.1831
15.1831
15.1831
15.1831
15.1831
15.1831
15.1831
15.1831
15.1831
15.1831
15.1831
15.1831
15.1831
15.1831
15.1831
15.1831
15.1831
15.1831
15.1831
15.1832
15.1832
15.1832
15.1832
15.1832
15.1832
15.1832
15.1832
15.1832
15.1832
15.1832
15.1832
15.1832
15.1832
15.1832
15.1832
15.1832
15.1832
15.1832
15.1832
15.1832
15.1832
15.1832
15.1832
15.1832
15.1832
15.1832
15.1832
15.1832
15.1832
15.1832
15.1832
15.1832
15.1832
15.1832
15.1832
15.1832
15.1832
15.1832
15.1832
15.1832
15.1832
15.1832
15.1832
15.1832
15.1832
15.1832
15.1832
15.1832
15.1832
15.1832
15.1832
15.1832
15.1832
15.1832
15.1833
15.1833
15.1833
15.1833
15.1833
15.1833
15.1833
15.1833
15.1833
15.1833
15.1833
15.1833
15.1833
15.1833
15.1833
15.1833
15.1833
15.1833
15.1833
15.1833
15.1833
15.1833
15.1832
15.1832
15.1831
15.1828
15.1821
15.1807
15.1774
15.1696
15.154
15.1091
15.0139
14.8509
15.1664
27.3617
25.5878
23.877
22.7448
21.9581
21.0229
19.997
19.0713
18.2152
17.441
16.7591
16.1843
15.7333
15.4174
15.2355
15.1721
15.2009
15.2921
15.4185
15.5614
15.7079
15.8493
15.9801
16.0975
16.2003
16.2889
16.3642
16.4276
16.4806
16.5247
16.5612
16.5915
16.6165
16.6372
16.6543
16.6684
16.6802
16.69
16.6985
16.7056
16.7115
16.7163
16.7203
16.7236
16.7263
16.7285
16.7303
16.7319
16.7331
16.7341
16.735
16.7357
16.7363
16.7367
16.7371
16.7374
16.7377
16.7379
16.7381
16.7382
16.7383
16.7384
16.7385
16.7385
16.7386
16.7386
16.7386
16.7387
16.7387
16.7387
16.7387
16.7387
16.7387
16.7387
16.7387
16.7387
16.7387
16.7387
16.7387
16.7387
16.7387
16.7387
16.7387
16.7388
16.7388
16.7388
16.7388
16.7388
16.7388
16.7388
16.7388
16.7388
16.7387
16.7387
16.7387
16.7387
16.7387
16.7387
16.7387
16.7387
16.7388
16.7388
16.7388
16.7388
16.7388
16.7388
16.7388
16.7388
16.7388
16.7388
16.7388
16.7388
16.7388
16.7388
16.7388
16.7388
16.7388
16.7388
16.7388
16.7388
16.7388
16.7388
16.7388
16.7388
16.7388
16.7388
16.7388
16.7388
16.7388
16.7388
16.7388
16.7388
16.7388
16.7388
16.7388
16.7388
16.7388
16.7388
16.7388
16.7388
16.7388
16.7388
16.7388
16.7388
16.7388
16.7388
16.7388
16.7388
16.7388
16.7388
16.7388
16.7388
16.7388
16.7388
16.7388
16.7388
16.7388
16.7388
16.7388
16.7388
16.7388
16.7388
16.7388
16.7388
16.7388
16.7388
16.7388
16.7388
16.7388
16.7388
16.7388
16.7388
16.7388
16.7388
16.7388
16.7388
16.7388
16.7388
16.7388
16.7388
16.7388
16.7388
16.7388
16.7388
16.7388
16.7388
16.7388
16.7388
16.7388
16.7388
16.7388
16.7388
16.7388
16.7388
16.7388
16.7388
16.7388
16.7388
16.7388
16.7388
16.7388
16.7388
16.7388
16.7388
16.7388
16.7388
16.7388
16.7388
16.7388
16.7388
16.7388
16.7388
16.7388
16.7388
16.7388
16.7388
16.7388
16.7388
16.7388
16.7388
16.7388
16.7388
16.7388
16.7388
16.7388
16.7388
16.7388
16.7388
16.7388
16.7388
16.7388
16.7388
16.7388
16.7388
16.7388
16.7388
16.7388
16.7388
16.7388
16.7388
16.7388
16.7388
16.7388
16.7388
16.7388
16.7388
16.7388
16.7388
16.7388
16.7388
16.7388
16.7388
16.7388
16.7388
16.7388
16.7388
16.7388
16.7388
16.7388
16.7388
16.7388
16.7388
16.7388
16.7388
16.7388
16.7388
16.7388
16.7388
16.7388
16.7388
16.7388
16.7388
16.7388
16.7388
16.7388
16.7388
16.7388
16.7388
16.7388
16.7388
16.7388
16.7388
16.7388
16.7388
16.7388
16.7388
16.7388
16.7388
16.7388
16.7388
16.7388
16.7388
16.7388
16.7388
16.7388
16.7388
16.7388
16.7388
16.7388
16.7388
16.7388
16.7388
16.7388
16.7388
16.7388
16.7388
16.7388
16.7389
16.7389
16.7389
16.7389
16.7389
16.7389
16.7389
16.7389
16.7389
16.7389
16.7389
16.7389
16.7389
16.7389
16.7389
16.7389
16.7389
16.7389
16.7389
16.7389
16.7389
16.7389
16.7389
16.7389
16.7389
16.7389
16.7389
16.7389
16.7389
16.7389
16.7389
16.7389
16.7389
16.7389
16.7389
16.7389
16.7389
16.7389
16.7389
16.7389
16.7389
16.7389
16.7389
16.7389
16.7389
16.7389
16.7389
16.7389
16.7389
16.7389
16.7389
16.7389
16.7389
16.7389
16.7389
16.7389
16.7389
16.7389
16.7389
16.7389
16.7389
16.7389
16.7389
16.7389
16.7389
16.7389
16.7389
16.7389
16.7389
16.7389
16.7389
16.7389
16.7389
16.7389
16.7389
16.7389
16.7389
16.7389
16.7389
16.7389
16.7389
16.7389
16.7389
16.7389
16.7389
16.7389
16.7389
16.7389
16.7389
16.7389
16.7389
16.7389
16.7389
16.7389
16.7389
16.7389
16.7389
16.7389
16.7389
16.7389
16.7389
16.7389
16.7389
16.7389
16.7389
16.7389
16.7389
16.7389
16.739
16.739
16.739
16.739
16.739
16.739
16.739
16.739
16.739
16.739
16.739
16.739
16.739
16.739
16.739
16.739
16.739
16.739
16.739
16.739
16.739
16.739
16.739
16.739
16.739
16.739
16.739
16.739
16.739
16.739
16.739
16.739
16.739
16.739
16.739
16.739
16.739
16.739
16.739
16.739
16.739
16.739
16.739
16.7391
16.7391
16.7391
16.7391
16.7391
16.7391
16.7391
16.7391
16.7391
16.7391
16.7391
16.7391
16.7391
16.7391
16.7391
16.7391
16.7391
16.7391
16.7391
16.7392
16.7392
16.7392
16.7392
16.7392
16.7392
16.7392
16.7392
16.7392
16.7392
16.7391
16.7391
16.739
16.7388
16.7385
16.7377
16.7361
16.7326
16.7277
16.709
16.6773
16.6026
16.6207
28.3851
26.5962
24.8697
23.6953
22.8604
21.8782
20.8051
19.8427
18.9603
18.1706
17.4833
16.9115
16.4692
16.1651
15.9961
15.9457
15.9882
16.0948
16.2396
16.4018
16.5663
16.7233
16.8674
16.9967
17.1111
17.2108
17.2969
17.3705
17.4329
17.4856
17.5298
17.5668
17.5977
17.6235
17.645
17.6629
17.6778
17.6904
17.7012
17.7104
17.7181
17.7244
17.7297
17.734
17.7376
17.7406
17.743
17.7451
17.7468
17.7482
17.7493
17.7503
17.7511
17.7517
17.7522
17.7527
17.753
17.7533
17.7536
17.7538
17.7539
17.7541
17.7542
17.7543
17.7543
17.7544
17.7544
17.7545
17.7545
17.7545
17.7545
17.7545
17.7545
17.7545
17.7546
17.7546
17.7546
17.7546
17.7546
17.7546
17.7546
17.7546
17.7546
17.7546
17.7546
17.7546
17.7546
17.7546
17.7546
17.7546
17.7546
17.7546
17.7546
17.7546
17.7546
17.7546
17.7546
17.7546
17.7546
17.7546
17.7546
17.7546
17.7546
17.7546
17.7546
17.7546
17.7546
17.7546
17.7546
17.7546
17.7546
17.7546
17.7546
17.7546
17.7546
17.7546
17.7546
17.7546
17.7546
17.7546
17.7546
17.7546
17.7546
17.7546
17.7546
17.7546
17.7546
17.7546
17.7546
17.7546
17.7546
17.7546
17.7546
17.7546
17.7546
17.7546
17.7546
17.7546
17.7546
17.7546
17.7546
17.7546
17.7546
17.7546
17.7546
17.7546
17.7546
17.7546
17.7546
17.7546
17.7546
17.7546
17.7546
17.7546
17.7546
17.7546
17.7546
17.7546
17.7546
17.7546
17.7546
17.7546
17.7546
17.7546
17.7546
17.7546
17.7546
17.7546
17.7546
17.7546
17.7546
17.7546
17.7546
17.7546
17.7546
17.7546
17.7546
17.7546
17.7546
17.7546
17.7546
17.7546
17.7546
17.7546
17.7546
17.7546
17.7546
17.7546
17.7546
17.7546
17.7546
17.7546
17.7546
17.7546
17.7546
17.7546
17.7546
17.7546
17.7546
17.7546
17.7546
17.7546
17.7546
17.7546
17.7546
17.7546
17.7546
17.7546
17.7546
17.7546
17.7546
17.7546
17.7546
17.7546
17.7546
17.7546
17.7546
17.7546
17.7546
17.7546
17.7546
17.7546
17.7546
17.7546
17.7546
17.7546
17.7546
17.7546
17.7546
17.7546
17.7546
17.7546
17.7546
17.7546
17.7546
17.7546
17.7546
17.7546
17.7546
17.7546
17.7546
17.7546
17.7546
17.7546
17.7546
17.7546
17.7546
17.7546
17.7546
17.7546
17.7546
17.7546
17.7546
17.7546
17.7546
17.7546
17.7546
17.7546
17.7546
17.7546
17.7546
17.7546
17.7546
17.7546
17.7546
17.7546
17.7546
17.7546
17.7546
17.7546
17.7546
17.7546
17.7546
17.7546
17.7546
17.7546
17.7546
17.7546
17.7546
17.7546
17.7546
17.7546
17.7546
17.7546
17.7546
17.7546
17.7546
17.7546
17.7546
17.7546
17.7546
17.7546
17.7546
17.7546
17.7546
17.7546
17.7546
17.7546
17.7546
17.7546
17.7546
17.7546
17.7546
17.7546
17.7546
17.7546
17.7546
17.7546
17.7546
17.7546
17.7546
17.7547
17.7546
17.7547
17.7547
17.7547
17.7547
17.7547
17.7547
17.7547
17.7547
17.7547
17.7547
17.7547
17.7547
17.7547
17.7547
17.7547
17.7547
17.7547
17.7547
17.7547
17.7547
17.7547
17.7547
17.7547
17.7547
17.7547
17.7547
17.7547
17.7547
17.7547
17.7547
17.7547
17.7547
17.7547
17.7547
17.7547
17.7547
17.7547
17.7547
17.7547
17.7547
17.7547
17.7547
17.7547
17.7547
17.7547
17.7547
17.7547
17.7547
17.7547
17.7547
17.7547
17.7547
17.7547
17.7547
17.7547
17.7547
17.7547
17.7547
17.7547
17.7547
17.7547
17.7547
17.7547
17.7547
17.7547
17.7547
17.7547
17.7547
17.7547
17.7547
17.7547
17.7547
17.7547
17.7547
17.7547
17.7547
17.7547
17.7547
17.7547
17.7547
17.7547
17.7547
17.7547
17.7547
17.7547
17.7547
17.7547
17.7547
17.7547
17.7547
17.7547
17.7547
17.7547
17.7547
17.7547
17.7547
17.7547
17.7547
17.7547
17.7547
17.7547
17.7548
17.7548
17.7548
17.7548
17.7548
17.7548
17.7548
17.7548
17.7548
17.7548
17.7548
17.7548
17.7548
17.7548
17.7548
17.7548
17.7548
17.7548
17.7548
17.7548
17.7548
17.7548
17.7548
17.7548
17.7548
17.7548
17.7548
17.7548
17.7548
17.7548
17.7548
17.7548
17.7548
17.7548
17.7548
17.7548
17.7548
17.7548
17.7548
17.7548
17.7548
17.7549
17.7549
17.7549
17.7549
17.7549
17.7549
17.7549
17.7549
17.7549
17.7549
17.7549
17.7549
17.7549
17.7549
17.7549
17.7549
17.7549
17.7549
17.7549
17.7549
17.755
17.755
17.755
17.755
17.755
17.755
17.755
17.755
17.755
17.755
17.755
17.755
17.755
17.755
17.7549
17.7549
17.7547
17.7544
17.754
17.7529
17.7538
17.7467
17.747
17.7316
17.7076
28.3851
26.5962
24.8697
23.6953
22.8604
21.8782
20.8051
19.8427
18.9603
18.1706
17.4833
16.9115
16.4692
16.1651
15.9961
15.9457
15.9882
16.0948
16.2396
16.4018
16.5663
16.7233
16.8674
16.9967
17.111
17.2108
17.2969
17.3705
17.4329
17.4856
17.5298
17.5668
17.5977
17.6235
17.645
17.6629
17.6778
17.6904
17.7012
17.7104
17.7181
17.7244
17.7297
17.734
17.7376
17.7406
17.743
17.7451
17.7468
17.7482
17.7493
17.7503
17.7511
17.7517
17.7522
17.7527
17.753
17.7533
17.7536
17.7538
17.7539
17.7541
17.7542
17.7542
17.7543
17.7544
17.7544
17.7545
17.7545
17.7545
17.7545
17.7545
17.7545
17.7545
17.7546
17.7546
17.7546
17.7546
17.7546
17.7546
17.7546
17.7546
17.7546
17.7546
17.7546
17.7546
17.7546
17.7546
17.7546
17.7546
17.7546
17.7546
17.7546
17.7546
17.7546
17.7546
17.7546
17.7546
17.7546
17.7546
17.7546
17.7546
17.7546
17.7546
17.7546
17.7546
17.7546
17.7546
17.7546
17.7546
17.7546
17.7546
17.7546
17.7546
17.7546
17.7546
17.7546
17.7546
17.7546
17.7546
17.7546
17.7546
17.7546
17.7546
17.7546
17.7546
17.7546
17.7546
17.7546
17.7546
17.7546
17.7546
17.7546
17.7546
17.7546
17.7546
17.7546
17.7546
17.7546
17.7546
17.7546
17.7546
17.7546
17.7546
17.7546
17.7546
17.7546
17.7546
17.7546
17.7546
17.7546
17.7546
17.7546
17.7546
17.7546
17.7546
17.7546
17.7546
17.7546
17.7546
17.7546
17.7546
17.7546
17.7546
17.7546
17.7546
17.7546
17.7546
17.7546
17.7546
17.7546
17.7546
17.7546
17.7546
17.7546
17.7546
17.7546
17.7546
17.7546
17.7546
17.7546
17.7546
17.7546
17.7546
17.7546
17.7546
17.7546
17.7546
17.7546
17.7546
17.7546
17.7546
17.7546
17.7546
17.7546
17.7546
17.7546
17.7546
17.7546
17.7546
17.7546
17.7546
17.7546
17.7546
17.7546
17.7546
17.7546
17.7546
17.7546
17.7546
17.7546
17.7546
17.7546
17.7546
17.7546
17.7546
17.7546
17.7546
17.7546
17.7546
17.7546
17.7546
17.7546
17.7546
17.7546
17.7546
17.7546
17.7546
17.7546
17.7546
17.7546
17.7546
17.7546
17.7546
17.7546
17.7546
17.7546
17.7546
17.7546
17.7546
17.7546
17.7546
17.7546
17.7546
17.7546
17.7546
17.7546
17.7546
17.7546
17.7546
17.7546
17.7546
17.7546
17.7546
17.7546
17.7546
17.7546
17.7546
17.7546
17.7546
17.7546
17.7546
17.7546
17.7546
17.7546
17.7546
17.7546
17.7546
17.7546
17.7546
17.7546
17.7546
17.7546
17.7546
17.7546
17.7546
17.7546
17.7546
17.7546
17.7546
17.7546
17.7546
17.7546
17.7546
17.7546
17.7546
17.7546
17.7546
17.7546
17.7546
17.7546
17.7546
17.7546
17.7546
17.7546
17.7546
17.7546
17.7546
17.7546
17.7546
17.7546
17.7546
17.7546
17.7546
17.7546
17.7546
17.7546
17.7546
17.7546
17.7546
17.7546
17.7547
17.7547
17.7547
17.7547
17.7547
17.7547
17.7547
17.7547
17.7547
17.7547
17.7547
17.7547
17.7547
17.7547
17.7547
17.7547
17.7547
17.7547
17.7547
17.7547
17.7547
17.7547
17.7547
17.7547
17.7547
17.7547
17.7547
17.7547
17.7547
17.7547
17.7547
17.7547
17.7547
17.7547
17.7547
17.7547
17.7547
17.7547
17.7547
17.7547
17.7547
17.7547
17.7547
17.7547
17.7547
17.7547
17.7547
17.7547
17.7547
17.7547
17.7547
17.7547
17.7547
17.7547
17.7547
17.7547
17.7547
17.7547
17.7547
17.7547
17.7547
17.7547
17.7547
17.7547
17.7547
17.7547
17.7547
17.7547
17.7547
17.7547
17.7547
17.7547
17.7547
17.7547
17.7547
17.7547
17.7547
17.7547
17.7547
17.7547
17.7547
17.7547
17.7547
17.7547
17.7547
17.7547
17.7547
17.7547
17.7547
17.7547
17.7547
17.7547
17.7547
17.7547
17.7547
17.7547
17.7547
17.7547
17.7547
17.7547
17.7547
17.7547
17.7547
17.7548
17.7548
17.7548
17.7548
17.7548
17.7548
17.7548
17.7548
17.7548
17.7548
17.7548
17.7548
17.7548
17.7548
17.7548
17.7548
17.7548
17.7548
17.7548
17.7548
17.7548
17.7548
17.7548
17.7548
17.7548
17.7548
17.7548
17.7548
17.7548
17.7548
17.7548
17.7548
17.7548
17.7548
17.7548
17.7548
17.7548
17.7548
17.7548
17.7548
17.7548
17.7548
17.7548
17.7549
17.7549
17.7549
17.7549
17.7549
17.7549
17.7549
17.7549
17.7549
17.7549
17.7549
17.7549
17.7549
17.7549
17.7549
17.7549
17.7549
17.7549
17.755
17.755
17.755
17.755
17.755
17.755
17.755
17.755
17.755
17.755
17.755
17.755
17.755
17.755
17.7549
17.7548
17.7547
17.7544
17.754
17.7529
17.7538
17.7467
17.747
17.7316
17.7076
27.3617
25.5878
23.877
22.7448
21.9581
21.0229
19.997
19.0713
18.2152
17.441
16.7591
16.1843
15.7333
15.4174
15.2355
15.1721
15.2009
15.2921
15.4185
15.5614
15.7079
15.8493
15.9801
16.0975
16.2003
16.2889
16.3642
16.4276
16.4806
16.5247
16.5612
16.5915
16.6165
16.6372
16.6543
16.6684
16.6802
16.69
16.6985
16.7056
16.7115
16.7163
16.7203
16.7236
16.7263
16.7285
16.7303
16.7319
16.7331
16.7341
16.735
16.7357
16.7363
16.7367
16.7371
16.7374
16.7377
16.7379
16.7381
16.7382
16.7383
16.7384
16.7385
16.7385
16.7386
16.7386
16.7386
16.7387
16.7387
16.7387
16.7387
16.7387
16.7387
16.7387
16.7387
16.7387
16.7387
16.7387
16.7387
16.7387
16.7387
16.7387
16.7387
16.7387
16.7387
16.7387
16.7387
16.7387
16.7387
16.7387
16.7387
16.7387
16.7387
16.7387
16.7387
16.7387
16.7387
16.7387
16.7387
16.7387
16.7387
16.7388
16.7388
16.7388
16.7388
16.7388
16.7388
16.7388
16.7388
16.7388
16.7388
16.7388
16.7388
16.7388
16.7388
16.7388
16.7388
16.7388
16.7388
16.7388
16.7388
16.7388
16.7388
16.7388
16.7388
16.7388
16.7388
16.7388
16.7388
16.7388
16.7388
16.7388
16.7388
16.7388
16.7388
16.7388
16.7388
16.7388
16.7388
16.7388
16.7388
16.7388
16.7388
16.7388
16.7388
16.7388
16.7388
16.7388
16.7388
16.7388
16.7388
16.7388
16.7388
16.7388
16.7388
16.7388
16.7388
16.7388
16.7388
16.7388
16.7388
16.7388
16.7388
16.7388
16.7388
16.7388
16.7388
16.7388
16.7388
16.7388
16.7388
16.7388
16.7388
16.7388
16.7388
16.7388
16.7388
16.7388
16.7388
16.7388
16.7388
16.7388
16.7388
16.7388
16.7388
16.7388
16.7388
16.7388
16.7388
16.7388
16.7388
16.7388
16.7388
16.7388
16.7388
16.7388
16.7388
16.7388
16.7388
16.7388
16.7388
16.7388
16.7388
16.7388
16.7388
16.7388
16.7388
16.7388
16.7388
16.7388
16.7388
16.7388
16.7388
16.7388
16.7388
16.7388
16.7388
16.7388
16.7388
16.7388
16.7388
16.7388
16.7388
16.7388
16.7388
16.7388
16.7388
16.7388
16.7388
16.7388
16.7388
16.7388
16.7388
16.7388
16.7388
16.7388
16.7388
16.7388
16.7388
16.7388
16.7388
16.7388
16.7388
16.7388
16.7388
16.7388
16.7388
16.7388
16.7388
16.7388
16.7388
16.7388
16.7388
16.7388
16.7388
16.7388
16.7388
16.7388
16.7388
16.7388
16.7388
16.7388
16.7388
16.7388
16.7388
16.7388
16.7388
16.7388
16.7388
16.7388
16.7388
16.7388
16.7388
16.7388
16.7388
16.7388
16.7388
16.7388
16.7388
16.7389
16.7388
16.7388
16.7388
16.7388
16.7388
16.7388
16.7388
16.7388
16.7388
16.7388
16.7388
16.7388
16.7388
16.7388
16.7388
16.7388
16.7388
16.7388
16.7388
16.7388
16.7388
16.7388
16.7388
16.7388
16.7388
16.7388
16.7389
16.7389
16.7389
16.7389
16.7389
16.7389
16.7389
16.7389
16.7389
16.7389
16.7389
16.7389
16.7389
16.7389
16.7389
16.7389
16.7389
16.7389
16.7389
16.7389
16.7389
16.7389
16.7389
16.7389
16.7389
16.7389
16.7389
16.7389
16.7389
16.7389
16.7389
16.7389
16.7389
16.7389
16.7389
16.7389
16.7389
16.7389
16.7389
16.7389
16.7389
16.7389
16.7389
16.7389
16.7389
16.7389
16.7389
16.7389
16.7389
16.7389
16.7389
16.7389
16.7389
16.7389
16.7389
16.7389
16.7389
16.7389
16.7389
16.7389
16.7389
16.7389
16.7389
16.7389
16.7389
16.7389
16.7389
16.7389
16.7389
16.7389
16.7389
16.7389
16.7389
16.7389
16.7389
16.7389
16.7389
16.7389
16.7389
16.7389
16.7389
16.7389
16.7389
16.7389
16.7389
16.7389
16.7389
16.7389
16.7389
16.7389
16.7389
16.7389
16.7389
16.7389
16.7389
16.7389
16.7389
16.7389
16.7389
16.7389
16.7389
16.7389
16.7389
16.7389
16.7389
16.7389
16.7389
16.7389
16.7389
16.739
16.739
16.739
16.739
16.739
16.739
16.739
16.739
16.739
16.739
16.739
16.739
16.739
16.739
16.739
16.739
16.739
16.739
16.739
16.739
16.739
16.739
16.739
16.739
16.739
16.739
16.739
16.739
16.739
16.739
16.739
16.739
16.739
16.739
16.739
16.739
16.739
16.739
16.739
16.739
16.739
16.739
16.739
16.739
16.739
16.7391
16.7391
16.7391
16.7391
16.7391
16.7391
16.7391
16.7391
16.7391
16.7391
16.7391
16.7391
16.7391
16.7391
16.7391
16.7391
16.7391
16.7391
16.7391
16.7391
16.7391
16.7392
16.7391
16.7392
16.7391
16.7391
16.7391
16.7391
16.7391
16.739
16.7388
16.7384
16.7376
16.7361
16.7326
16.7277
16.709
16.6773
16.6026
16.6207
25.4943
23.7487
22.0674
21.0214
20.3406
19.5081
18.58
17.731
16.932
16.1957
15.5346
14.9662
14.5111
14.1842
13.985
13.8957
13.8939
13.9563
14.0593
14.1849
14.3255
14.4607
14.5821
14.6874
14.7765
14.8509
14.9123
14.9626
15.0037
15.0371
15.0643
15.0864
15.1043
15.1188
15.1307
15.1403
15.1482
15.1547
15.1603
15.1649
15.1686
15.1715
15.1738
15.1757
15.1772
15.1784
15.1794
15.1802
15.1808
15.1813
15.1817
15.182
15.1823
15.1825
15.1827
15.1828
15.1829
15.1829
15.183
15.183
15.1831
15.1831
15.1831
15.1831
15.1831
15.1831
15.1831
15.1831
15.1831
15.1831
15.1831
15.1831
15.1831
15.1831
15.1831
15.1831
15.1831
15.1831
15.1831
15.1831
15.1831
15.1831
15.183
15.183
15.183
15.183
15.183
15.183
15.183
15.183
15.183
15.183
15.183
15.183
15.183
15.183
15.183
15.183
15.183
15.183
15.183
15.183
15.183
15.183
15.183
15.183
15.183
15.183
15.183
15.183
15.183
15.183
15.183
15.183
15.183
15.183
15.183
15.183
15.183
15.183
15.183
15.183
15.183
15.183
15.183
15.183
15.183
15.183
15.183
15.183
15.183
15.183
15.183
15.183
15.183
15.183
15.183
15.183
15.183
15.183
15.183
15.183
15.183
15.183
15.183
15.183
15.183
15.183
15.183
15.183
15.183
15.183
15.183
15.183
15.183
15.183
15.183
15.183
15.183
15.183
15.183
15.183
15.183
15.183
15.183
15.183
15.183
15.183
15.183
15.183
15.183
15.183
15.183
15.183
15.183
15.183
15.183
15.183
15.183
15.183
15.183
15.183
15.183
15.183
15.183
15.183
15.183
15.183
15.183
15.183
15.183
15.183
15.183
15.183
15.183
15.183
15.183
15.183
15.183
15.183
15.183
15.183
15.183
15.183
15.183
15.183
15.183
15.183
15.183
15.183
15.183
15.183
15.183
15.183
15.183
15.183
15.183
15.183
15.183
15.183
15.183
15.1831
15.1831
15.1831
15.1831
15.1831
15.183
15.183
15.183
15.183
15.183
15.183
15.183
15.183
15.183
15.183
15.183
15.1831
15.1831
15.1831
15.1831
15.1831
15.1831
15.1831
15.1831
15.1831
15.1831
15.1831
15.1831
15.1831
15.1831
15.1831
15.1831
15.1831
15.1831
15.1831
15.1831
15.1831
15.1831
15.1831
15.1831
15.1831
15.1831
15.1831
15.1831
15.1831
15.1831
15.1831
15.1831
15.1831
15.1831
15.1831
15.1831
15.1831
15.1831
15.1831
15.1831
15.1831
15.1831
15.1831
15.1831
15.1831
15.1831
15.1831
15.1831
15.1831
15.1831
15.1831
15.1831
15.1831
15.1831
15.1831
15.1831
15.1831
15.1831
15.1831
15.1831
15.1831
15.1831
15.1831
15.1831
15.1831
15.1831
15.1831
15.1831
15.1831
15.1831
15.1831
15.1831
15.1831
15.1831
15.1831
15.1831
15.1831
15.1831
15.1831
15.1831
15.1831
15.1831
15.1831
15.1831
15.1831
15.1831
15.1831
15.1831
15.1831
15.1831
15.1831
15.1831
15.1831
15.1831
15.1831
15.1831
15.1831
15.1831
15.1831
15.1831
15.1831
15.1831
15.1831
15.1831
15.1831
15.1831
15.1831
15.1831
15.1831
15.1831
15.1831
15.1831
15.1831
15.1831
15.1831
15.1831
15.1831
15.1831
15.1831
15.1831
15.1831
15.1831
15.1831
15.1831
15.1831
15.1831
15.1831
15.1831
15.1831
15.1831
15.1831
15.1831
15.1831
15.1831
15.1831
15.1831
15.1831
15.1831
15.1831
15.1831
15.1831
15.1831
15.1831
15.1831
15.1831
15.1831
15.1831
15.1831
15.1831
15.1831
15.1831
15.1831
15.1831
15.1831
15.1831
15.1831
15.1831
15.1831
15.1831
15.1831
15.1831
15.1831
15.1831
15.1831
15.1831
15.1831
15.1831
15.1831
15.1831
15.1831
15.1831
15.1831
15.1831
15.1832
15.1832
15.1832
15.1832
15.1832
15.1832
15.1832
15.1832
15.1832
15.1832
15.1832
15.1832
15.1832
15.1832
15.1832
15.1832
15.1832
15.1832
15.1832
15.1832
15.1832
15.1832
15.1832
15.1832
15.1832
15.1832
15.1832
15.1832
15.1832
15.1832
15.1832
15.1832
15.1832
15.1832
15.1832
15.1832
15.1832
15.1832
15.1832
15.1832
15.1832
15.1832
15.1832
15.1832
15.1832
15.1832
15.1832
15.1832
15.1832
15.1832
15.1832
15.1832
15.1832
15.1832
15.1832
15.1832
15.1832
15.1832
15.1832
15.1833
15.1833
15.1833
15.1833
15.1833
15.1833
15.1833
15.1833
15.1833
15.1833
15.1833
15.1833
15.1833
15.1833
15.1833
15.1833
15.1833
15.1832
15.1832
15.1831
15.183
15.1827
15.1821
15.1806
15.1773
15.1695
15.154
15.109
15.0139
14.8509
15.1664
)
;
    }
}


// ************************************************************************* //
