/*--------------------------------*- C++ -*----------------------------------*\
| =========                 |                                                 |
| \\      /  F ield         | OpenFOAM: The Open Source CFD Toolbox           |
|  \\    /   O peration     | Version:  2412                                  |
|   \\  /    A nd           | Website:  www.openfoam.com                      |
|    \\/     M anipulation  |                                                 |
\*---------------------------------------------------------------------------*/
FoamFile
{
    version     2.0;
    format      ascii;
    arch        "LSB;label=32;scalar=64";
    class       volScalarField;
    location    "0.0005";
    object      yPlus;
}
// * * * * * * * * * * * * * * * * * * * * * * * * * * * * * * * * * * * * * //

dimensions      [0 0 0 0 0 0 0];

internalField   uniform 0;

boundaryField
{
    inlet
    {
        type            calculated;
        value           uniform 0;
    }
    outlet
    {
        type            calculated;
        value           uniform 0;
    }
    pipe
    {
        type            calculated;
        value           nonuniform List<scalar> 
12000
(
25.718
23.5985
21.9386
20.935
20.3288
19.7315
19.0196
18.2994
17.6133
16.9655
16.3798
15.8763
15.474
15.1856
15.0126
14.946
14.9721
15.0753
15.2383
15.4428
15.6714
15.9054
16.1307
16.3383
16.5235
16.6848
16.8228
16.9394
17.0369
17.1178
17.1848
17.2398
17.2851
17.3221
17.3525
17.3774
17.3977
17.4143
17.4279
17.4389
17.448
17.4555
17.4616
17.4665
17.4705
17.4738
17.4764
17.4786
17.4803
17.4817
17.4829
17.4838
17.4845
17.4851
17.4856
17.4859
17.4862
17.4865
17.4866
17.4868
17.4869
17.487
17.487
17.4871
17.4871
17.4871
17.4872
17.4872
17.4872
17.4872
17.4872
17.4872
17.4872
17.4872
17.4872
17.4871
17.4871
17.4871
17.4871
17.4871
17.4871
17.4871
17.4871
17.4871
17.4871
17.4871
17.4871
17.4871
17.4871
17.4871
17.4871
17.4871
17.4871
17.487
17.487
17.487
17.487
17.487
17.487
17.487
17.487
17.487
17.487
17.487
17.487
17.487
17.487
17.487
17.487
17.487
17.487
17.487
17.487
17.487
17.487
17.487
17.487
17.487
17.487
17.487
17.487
17.487
17.487
17.487
17.487
17.487
17.487
17.487
17.487
17.487
17.487
17.487
17.487
17.487
17.487
17.487
17.487
17.487
17.487
17.487
17.487
17.487
17.487
17.487
17.487
17.4869
17.4869
17.4869
17.4869
17.4869
17.4869
17.4869
17.4869
17.4869
17.4869
17.4869
17.4869
17.4869
17.4869
17.4869
17.4869
17.4869
17.4869
17.4869
17.4869
17.4869
17.4869
17.4869
17.4869
17.4869
17.4869
17.4869
17.4869
17.4869
17.4869
17.4869
17.4869
17.4869
17.4869
17.4869
17.4869
17.4869
17.4869
17.4869
17.4869
17.4869
17.4869
17.4869
17.4869
17.4869
17.4869
17.4869
17.4869
17.4869
17.4869
17.4869
17.4869
17.4869
17.4869
17.4869
17.4869
17.4869
17.4869
17.4869
17.4869
17.4869
17.4869
17.4869
17.4869
17.4869
17.4869
17.4869
17.4869
17.4869
17.4869
17.4869
17.4869
17.4869
17.4869
17.4869
17.4869
17.4869
17.4869
17.4869
17.4869
17.4869
17.4869
17.4869
17.4869
17.4869
17.4869
17.4869
17.4869
17.4869
17.4869
17.4869
17.4869
17.4869
17.4869
17.4869
17.4869
17.4869
17.4869
17.4869
17.4869
17.4869
17.4869
17.4869
17.4869
17.4869
17.4869
17.4869
17.4869
17.4869
17.4869
17.4869
17.4869
17.4869
17.4869
17.4869
17.4869
17.4869
17.4869
17.4869
17.4869
17.4869
17.4869
17.4869
17.4869
17.4869
17.4869
17.4869
17.4869
17.4869
17.4869
17.4869
17.4869
17.4869
17.4869
17.4869
17.4869
17.4869
17.4869
17.4869
17.4869
17.4869
17.4869
17.4869
17.4869
17.4869
17.4869
17.4869
17.4869
17.4869
17.4869
17.4869
17.4869
17.4869
17.4869
17.4869
17.4869
17.4869
17.4869
17.4869
17.4869
17.4869
17.4869
17.4869
17.4869
17.4869
17.4869
17.4869
17.4869
17.4869
17.4869
17.4869
17.4869
17.4869
17.4869
17.4869
17.4869
17.4869
17.4869
17.4869
17.4869
17.4869
17.4869
17.4869
17.4869
17.4869
17.4869
17.4869
17.4869
17.4869
17.4869
17.4869
17.4869
17.4869
17.4869
17.4869
17.4869
17.4869
17.4869
17.4869
17.4869
17.4869
17.4869
17.4869
17.4869
17.4869
17.4869
17.4869
17.4869
17.4869
17.4869
17.4869
17.4869
17.4869
17.4869
17.4869
17.4869
17.4869
17.4869
17.4869
17.4869
17.4869
17.4869
17.4869
17.4869
17.4869
17.4869
17.4869
17.4869
17.4869
17.4869
17.4869
17.4869
17.4869
17.4869
17.4869
17.4869
17.4869
17.4869
17.4869
17.4869
17.4869
17.4869
17.4869
17.4869
17.4869
17.4869
17.4869
17.4869
17.4869
17.4869
17.4869
17.4869
17.4869
17.4869
17.4869
17.4869
17.4869
17.4869
17.4869
17.4869
17.4869
17.4869
17.4869
17.4869
17.4869
17.4869
17.4869
17.4869
17.4869
17.4869
17.4869
17.4869
17.4869
17.4869
17.4869
17.4869
17.4869
17.4869
17.4869
17.4869
17.4869
17.487
17.487
17.487
17.487
17.487
17.487
17.487
17.487
17.487
17.487
17.487
17.487
17.487
17.487
17.487
17.487
17.487
17.487
17.487
17.487
17.487
17.487
17.487
17.487
17.487
17.487
17.487
17.4869
17.4869
17.4869
17.4869
17.4869
17.4869
17.4869
17.4869
17.4869
17.4869
17.4869
17.4869
17.4869
17.4869
17.4869
17.4869
17.4869
17.4869
17.4869
17.4869
17.4869
17.4869
17.4869
17.4869
17.4869
17.4869
17.4869
17.4869
17.4869
17.4869
17.4869
17.4869
17.4869
17.4869
17.4869
17.4868
17.4868
17.4867
17.4866
17.4862
17.4855
17.4833
17.4799
17.4697
17.4401
17.368
17.4054
27.589
25.3474
23.5757
22.5006
21.8235
21.1567
20.3826
19.6126
18.8906
18.2196
17.6225
17.1168
16.7179
16.4345
16.2655
16.201
16.2258
16.323
16.4762
16.6696
16.8882
17.118
17.3472
17.5663
17.769
17.9516
18.1127
18.2525
18.3723
18.4739
18.5595
18.6312
18.691
18.7406
18.7818
18.8158
18.844
18.8673
18.8866
18.9024
18.9154
18.9262
18.9352
18.9426
18.9488
18.9538
18.9579
18.9613
18.9641
18.9663
18.9682
18.9697
18.9709
18.9719
18.9727
18.9733
18.9739
18.9743
18.9746
18.9749
18.9751
18.9753
18.9754
18.9755
18.9756
18.9757
18.9757
18.9757
18.9758
18.9758
18.9758
18.9758
18.9758
18.9758
18.9758
18.9758
18.9758
18.9758
18.9758
18.9758
18.9758
18.9758
18.9757
18.9757
18.9757
18.9757
18.9757
18.9757
18.9757
18.9757
18.9757
18.9757
18.9757
18.9757
18.9757
18.9757
18.9757
18.9757
18.9757
18.9757
18.9757
18.9757
18.9757
18.9757
18.9757
18.9757
18.9757
18.9757
18.9757
18.9757
18.9757
18.9757
18.9757
18.9757
18.9757
18.9756
18.9756
18.9756
18.9756
18.9756
18.9756
18.9756
18.9756
18.9756
18.9756
18.9756
18.9756
18.9756
18.9756
18.9756
18.9756
18.9756
18.9756
18.9756
18.9756
18.9756
18.9756
18.9756
18.9756
18.9756
18.9756
18.9756
18.9756
18.9756
18.9756
18.9756
18.9756
18.9756
18.9756
18.9756
18.9756
18.9756
18.9756
18.9756
18.9756
18.9756
18.9756
18.9756
18.9756
18.9756
18.9756
18.9756
18.9756
18.9756
18.9756
18.9756
18.9756
18.9756
18.9756
18.9756
18.9756
18.9756
18.9756
18.9756
18.9756
18.9756
18.9756
18.9756
18.9756
18.9756
18.9756
18.9756
18.9756
18.9756
18.9756
18.9756
18.9756
18.9756
18.9756
18.9756
18.9756
18.9756
18.9756
18.9756
18.9756
18.9756
18.9756
18.9756
18.9756
18.9756
18.9756
18.9756
18.9756
18.9756
18.9756
18.9756
18.9756
18.9756
18.9756
18.9756
18.9756
18.9756
18.9756
18.9756
18.9756
18.9756
18.9756
18.9756
18.9756
18.9756
18.9756
18.9756
18.9756
18.9756
18.9756
18.9756
18.9756
18.9756
18.9756
18.9756
18.9756
18.9756
18.9756
18.9756
18.9756
18.9755
18.9756
18.9756
18.9756
18.9756
18.9756
18.9756
18.9756
18.9756
18.9756
18.9756
18.9756
18.9755
18.9755
18.9755
18.9755
18.9755
18.9755
18.9755
18.9755
18.9755
18.9755
18.9755
18.9755
18.9756
18.9756
18.9756
18.9756
18.9756
18.9756
18.9756
18.9756
18.9756
18.9756
18.9756
18.9756
18.9756
18.9756
18.9756
18.9756
18.9756
18.9756
18.9756
18.9756
18.9756
18.9756
18.9756
18.9756
18.9756
18.9756
18.9756
18.9756
18.9756
18.9756
18.9756
18.9756
18.9756
18.9756
18.9756
18.9756
18.9756
18.9756
18.9756
18.9756
18.9755
18.9755
18.9755
18.9755
18.9755
18.9755
18.9755
18.9755
18.9755
18.9756
18.9756
18.9756
18.9756
18.9756
18.9756
18.9756
18.9756
18.9756
18.9756
18.9756
18.9756
18.9756
18.9756
18.9756
18.9756
18.9756
18.9756
18.9756
18.9756
18.9756
18.9756
18.9756
18.9756
18.9756
18.9756
18.9756
18.9756
18.9756
18.9756
18.9756
18.9756
18.9756
18.9756
18.9756
18.9756
18.9756
18.9756
18.9756
18.9756
18.9756
18.9756
18.9756
18.9756
18.9756
18.9756
18.9756
18.9756
18.9756
18.9756
18.9756
18.9756
18.9756
18.9756
18.9756
18.9756
18.9756
18.9756
18.9756
18.9756
18.9756
18.9756
18.9756
18.9756
18.9756
18.9756
18.9756
18.9756
18.9756
18.9756
18.9756
18.9756
18.9756
18.9756
18.9756
18.9756
18.9756
18.9756
18.9756
18.9756
18.9756
18.9756
18.9756
18.9756
18.9756
18.9756
18.9756
18.9756
18.9756
18.9756
18.9756
18.9756
18.9756
18.9756
18.9756
18.9756
18.9756
18.9756
18.9756
18.9756
18.9756
18.9756
18.9756
18.9756
18.9756
18.9756
18.9756
18.9756
18.9756
18.9756
18.9756
18.9756
18.9756
18.9756
18.9756
18.9756
18.9756
18.9756
18.9756
18.9756
18.9756
18.9756
18.9756
18.9756
18.9756
18.9756
18.9756
18.9756
18.9756
18.9756
18.9756
18.9756
18.9756
18.9756
18.9756
18.9756
18.9756
18.9756
18.9756
18.9756
18.9756
18.9756
18.9756
18.9756
18.9756
18.9756
18.9756
18.9756
18.9756
18.9756
18.9756
18.9756
18.9756
18.9756
18.9756
18.9756
18.9756
18.9756
18.9756
18.9756
18.9756
18.9756
18.9756
18.9756
18.9756
18.9756
18.9756
18.9756
18.9756
18.9756
18.9756
18.9756
18.9756
18.9756
18.9756
18.9756
18.9756
18.9756
18.9755
18.9755
18.9755
18.9755
18.9755
18.9753
18.9751
18.9747
18.9731
18.9718
18.9663
18.9522
18.9108
18.9389
28.6189
26.3111
24.4753
23.3597
22.6457
21.9451
21.1417
20.3489
19.6121
18.9337
18.3362
17.8358
17.445
17.1697
17.0068
16.9455
16.9705
17.0658
17.2156
17.4049
17.6194
17.8463
18.075
18.2969
18.506
18.698
18.8709
19.0239
19.1574
19.2726
19.3712
19.4548
19.5253
19.5846
19.6342
19.6756
19.7101
19.7388
19.7627
19.7825
19.7989
19.8124
19.8237
19.8331
19.841
19.8476
19.853
19.8574
19.8611
19.8641
19.8665
19.8685
19.8702
19.8715
19.8726
19.8735
19.8742
19.8748
19.8753
19.8757
19.876
19.8762
19.8764
19.8765
19.8767
19.8768
19.8768
19.8769
19.8769
19.8769
19.877
19.877
19.877
19.877
19.877
19.877
19.877
19.877
19.877
19.8769
19.8769
19.8769
19.8769
19.8769
19.8769
19.8769
19.8769
19.8769
19.8769
19.8769
19.8769
19.8769
19.8769
19.8769
19.8769
19.8769
19.8769
19.8769
19.8769
19.8768
19.8768
19.8768
19.8768
19.8768
19.8768
19.8768
19.8768
19.8768
19.8768
19.8768
19.8768
19.8768
19.8768
19.8768
19.8768
19.8768
19.8768
19.8768
19.8768
19.8768
19.8768
19.8768
19.8768
19.8768
19.8768
19.8768
19.8768
19.8768
19.8768
19.8768
19.8768
19.8768
19.8768
19.8768
19.8768
19.8768
19.8768
19.8768
19.8768
19.8768
19.8768
19.8768
19.8768
19.8768
19.8768
19.8768
19.8768
19.8768
19.8768
19.8768
19.8768
19.8768
19.8767
19.8767
19.8767
19.8767
19.8767
19.8767
19.8767
19.8767
19.8767
19.8767
19.8767
19.8767
19.8767
19.8767
19.8767
19.8767
19.8767
19.8768
19.8768
19.8768
19.8768
19.8768
19.8768
19.8768
19.8768
19.8768
19.8768
19.8768
19.8768
19.8768
19.8768
19.8767
19.8767
19.8767
19.8767
19.8767
19.8767
19.8767
19.8768
19.8768
19.8768
19.8768
19.8768
19.8768
19.8768
19.8768
19.8768
19.8768
19.8768
19.8768
19.8768
19.8767
19.8767
19.8767
19.8767
19.8767
19.8767
19.8767
19.8767
19.8767
19.8767
19.8767
19.8767
19.8767
19.8767
19.8767
19.8767
19.8767
19.8767
19.8767
19.8767
19.8767
19.8767
19.8767
19.8767
19.8767
19.8767
19.8767
19.8767
19.8767
19.8767
19.8767
19.8767
19.8767
19.8767
19.8767
19.8767
19.8767
19.8767
19.8767
19.8767
19.8767
19.8767
19.8767
19.8767
19.8767
19.8767
19.8767
19.8767
19.8767
19.8767
19.8767
19.8767
19.8767
19.8767
19.8767
19.8767
19.8767
19.8767
19.8767
19.8767
19.8767
19.8767
19.8768
19.8768
19.8768
19.8768
19.8768
19.8768
19.8768
19.8768
19.8767
19.8767
19.8767
19.8767
19.8767
19.8767
19.8767
19.8768
19.8768
19.8768
19.8768
19.8768
19.8768
19.8768
19.8768
19.8768
19.8768
19.8768
19.8767
19.8767
19.8767
19.8767
19.8767
19.8767
19.8767
19.8767
19.8767
19.8767
19.8767
19.8767
19.8767
19.8767
19.8767
19.8767
19.8767
19.8767
19.8767
19.8767
19.8767
19.8767
19.8767
19.8767
19.8767
19.8767
19.8767
19.8767
19.8767
19.8767
19.8767
19.8768
19.8768
19.8768
19.8768
19.8768
19.8768
19.8768
19.8768
19.8768
19.8768
19.8768
19.8768
19.8768
19.8768
19.8768
19.8768
19.8768
19.8767
19.8767
19.8767
19.8767
19.8767
19.8768
19.8768
19.8768
19.8768
19.8768
19.8768
19.8768
19.8768
19.8768
19.8768
19.8768
19.8768
19.8768
19.8768
19.8768
19.8768
19.8768
19.8768
19.8768
19.8768
19.8768
19.8768
19.8768
19.8768
19.8768
19.8768
19.8768
19.8768
19.8768
19.8768
19.8768
19.8768
19.8768
19.8768
19.8768
19.8768
19.8768
19.8768
19.8768
19.8768
19.8768
19.8768
19.8768
19.8768
19.8768
19.8768
19.8768
19.8768
19.8768
19.8768
19.8768
19.8767
19.8767
19.8767
19.8767
19.8767
19.8768
19.8768
19.8768
19.8768
19.8768
19.8768
19.8768
19.8768
19.8768
19.8768
19.8768
19.8768
19.8768
19.8768
19.8768
19.8768
19.8768
19.8768
19.8768
19.8768
19.8768
19.8768
19.8768
19.8768
19.8768
19.8768
19.8768
19.8768
19.8768
19.8768
19.8768
19.8768
19.8768
19.8768
19.8768
19.8768
19.8768
19.8768
19.8768
19.8768
19.8768
19.8768
19.8768
19.8768
19.8768
19.8768
19.8768
19.8768
19.8768
19.8768
19.8768
19.8768
19.8768
19.8768
19.8768
19.8768
19.8768
19.8768
19.8768
19.8768
19.8768
19.8768
19.8768
19.8768
19.8768
19.8768
19.8768
19.8768
19.8768
19.8768
19.8768
19.8768
19.8768
19.8768
19.8768
19.8768
19.8768
19.8768
19.8768
19.8768
19.8767
19.8767
19.8767
19.8767
19.8767
19.8767
19.8767
19.8767
19.8767
19.8767
19.8767
19.8767
19.8766
19.8765
19.8755
19.8757
19.8729
19.8635
19.8463
19.8667
28.6189
26.3111
24.4753
23.3597
22.6457
21.9451
21.1417
20.3489
19.6121
18.9337
18.3362
17.8358
17.445
17.1697
17.0068
16.9455
16.9705
17.0658
17.2156
17.4049
17.6194
17.8463
18.075
18.2969
18.506
18.698
18.8709
19.0239
19.1574
19.2726
19.3712
19.4548
19.5253
19.5846
19.6342
19.6756
19.7101
19.7388
19.7627
19.7825
19.7989
19.8124
19.8237
19.8331
19.841
19.8476
19.853
19.8574
19.8611
19.8641
19.8665
19.8685
19.8702
19.8715
19.8726
19.8735
19.8742
19.8748
19.8753
19.8757
19.876
19.8762
19.8764
19.8765
19.8767
19.8768
19.8768
19.8769
19.8769
19.8769
19.877
19.877
19.877
19.877
19.877
19.877
19.877
19.877
19.877
19.8769
19.8769
19.8769
19.8769
19.8769
19.8769
19.8769
19.8769
19.8769
19.8769
19.8769
19.8769
19.8769
19.8769
19.8769
19.8769
19.8769
19.8769
19.8769
19.8769
19.8768
19.8768
19.8768
19.8768
19.8768
19.8768
19.8768
19.8768
19.8768
19.8768
19.8768
19.8768
19.8768
19.8768
19.8768
19.8768
19.8768
19.8768
19.8768
19.8768
19.8768
19.8768
19.8768
19.8768
19.8768
19.8768
19.8768
19.8768
19.8768
19.8768
19.8768
19.8768
19.8768
19.8768
19.8768
19.8768
19.8768
19.8768
19.8768
19.8768
19.8768
19.8768
19.8768
19.8768
19.8768
19.8768
19.8768
19.8768
19.8768
19.8768
19.8768
19.8768
19.8768
19.8767
19.8767
19.8767
19.8767
19.8767
19.8767
19.8767
19.8767
19.8767
19.8767
19.8767
19.8767
19.8767
19.8767
19.8767
19.8767
19.8767
19.8768
19.8768
19.8768
19.8768
19.8768
19.8768
19.8768
19.8768
19.8768
19.8768
19.8768
19.8768
19.8768
19.8768
19.8767
19.8767
19.8767
19.8767
19.8767
19.8767
19.8768
19.8768
19.8768
19.8768
19.8768
19.8768
19.8768
19.8768
19.8768
19.8768
19.8768
19.8768
19.8768
19.8768
19.8767
19.8767
19.8767
19.8767
19.8767
19.8767
19.8767
19.8767
19.8767
19.8767
19.8767
19.8767
19.8767
19.8767
19.8767
19.8767
19.8767
19.8767
19.8767
19.8768
19.8767
19.8767
19.8767
19.8767
19.8767
19.8767
19.8767
19.8767
19.8767
19.8767
19.8767
19.8767
19.8767
19.8767
19.8767
19.8767
19.8767
19.8767
19.8767
19.8767
19.8767
19.8767
19.8767
19.8767
19.8767
19.8767
19.8767
19.8767
19.8767
19.8767
19.8767
19.8767
19.8767
19.8767
19.8767
19.8767
19.8767
19.8767
19.8767
19.8767
19.8767
19.8767
19.8768
19.8768
19.8768
19.8768
19.8768
19.8768
19.8768
19.8768
19.8767
19.8767
19.8767
19.8767
19.8767
19.8767
19.8767
19.8768
19.8768
19.8768
19.8768
19.8768
19.8768
19.8768
19.8768
19.8768
19.8768
19.8768
19.8767
19.8767
19.8767
19.8767
19.8767
19.8767
19.8767
19.8767
19.8767
19.8767
19.8767
19.8767
19.8767
19.8767
19.8767
19.8767
19.8767
19.8767
19.8767
19.8767
19.8767
19.8767
19.8767
19.8767
19.8767
19.8767
19.8767
19.8767
19.8767
19.8767
19.8767
19.8768
19.8768
19.8768
19.8768
19.8768
19.8768
19.8768
19.8768
19.8768
19.8768
19.8768
19.8768
19.8768
19.8768
19.8768
19.8768
19.8768
19.8767
19.8767
19.8767
19.8767
19.8767
19.8768
19.8768
19.8768
19.8768
19.8768
19.8768
19.8768
19.8768
19.8768
19.8768
19.8768
19.8768
19.8768
19.8768
19.8768
19.8768
19.8768
19.8768
19.8768
19.8768
19.8768
19.8768
19.8768
19.8768
19.8768
19.8768
19.8768
19.8768
19.8768
19.8768
19.8768
19.8768
19.8768
19.8768
19.8768
19.8768
19.8768
19.8768
19.8768
19.8768
19.8768
19.8768
19.8768
19.8768
19.8768
19.8768
19.8768
19.8768
19.8768
19.8768
19.8768
19.8768
19.8767
19.8767
19.8767
19.8767
19.8768
19.8768
19.8768
19.8768
19.8768
19.8768
19.8768
19.8768
19.8768
19.8768
19.8768
19.8768
19.8768
19.8768
19.8768
19.8768
19.8768
19.8768
19.8768
19.8768
19.8768
19.8768
19.8768
19.8768
19.8768
19.8768
19.8768
19.8768
19.8768
19.8768
19.8768
19.8768
19.8768
19.8768
19.8768
19.8768
19.8768
19.8768
19.8768
19.8768
19.8768
19.8768
19.8768
19.8768
19.8768
19.8768
19.8768
19.8768
19.8768
19.8768
19.8768
19.8768
19.8768
19.8768
19.8768
19.8768
19.8768
19.8768
19.8768
19.8768
19.8768
19.8768
19.8768
19.8768
19.8768
19.8768
19.8768
19.8768
19.8768
19.8768
19.8768
19.8768
19.8768
19.8768
19.8768
19.8768
19.8768
19.8768
19.8768
19.8768
19.8767
19.8767
19.8767
19.8767
19.8767
19.8767
19.8767
19.8767
19.8767
19.8767
19.8767
19.8767
19.8766
19.8765
19.8755
19.8757
19.8729
19.8635
19.8463
19.8667
27.589
25.3474
23.5757
22.5006
21.8235
21.1567
20.3826
19.6126
18.8906
18.2196
17.6225
17.1168
16.7179
16.4345
16.2655
16.201
16.2258
16.323
16.4762
16.6696
16.8882
17.118
17.3472
17.5663
17.769
17.9516
18.1127
18.2525
18.3723
18.4739
18.5595
18.6312
18.691
18.7406
18.7818
18.8158
18.844
18.8673
18.8866
18.9024
18.9154
18.9262
18.9352
18.9426
18.9488
18.9538
18.9579
18.9613
18.9641
18.9663
18.9682
18.9697
18.9709
18.9719
18.9727
18.9733
18.9739
18.9743
18.9746
18.9749
18.9751
18.9753
18.9754
18.9755
18.9756
18.9757
18.9757
18.9757
18.9758
18.9758
18.9758
18.9758
18.9758
18.9758
18.9758
18.9758
18.9758
18.9758
18.9758
18.9758
18.9758
18.9758
18.9757
18.9757
18.9757
18.9757
18.9757
18.9757
18.9757
18.9757
18.9757
18.9757
18.9757
18.9757
18.9757
18.9757
18.9757
18.9757
18.9757
18.9757
18.9757
18.9757
18.9757
18.9757
18.9757
18.9757
18.9757
18.9757
18.9757
18.9757
18.9757
18.9757
18.9757
18.9757
18.9757
18.9757
18.9757
18.9756
18.9756
18.9756
18.9756
18.9756
18.9756
18.9756
18.9756
18.9756
18.9756
18.9756
18.9756
18.9756
18.9756
18.9756
18.9756
18.9756
18.9756
18.9756
18.9756
18.9756
18.9756
18.9756
18.9756
18.9756
18.9756
18.9756
18.9756
18.9756
18.9756
18.9756
18.9756
18.9756
18.9756
18.9756
18.9756
18.9756
18.9756
18.9756
18.9756
18.9756
18.9756
18.9756
18.9756
18.9756
18.9756
18.9756
18.9756
18.9756
18.9756
18.9756
18.9756
18.9756
18.9756
18.9756
18.9756
18.9756
18.9756
18.9756
18.9756
18.9756
18.9756
18.9756
18.9756
18.9756
18.9756
18.9756
18.9756
18.9756
18.9756
18.9756
18.9756
18.9756
18.9756
18.9756
18.9756
18.9756
18.9756
18.9756
18.9756
18.9756
18.9756
18.9756
18.9756
18.9756
18.9756
18.9756
18.9756
18.9756
18.9756
18.9756
18.9756
18.9756
18.9756
18.9756
18.9756
18.9756
18.9756
18.9756
18.9756
18.9756
18.9756
18.9756
18.9756
18.9756
18.9756
18.9756
18.9756
18.9756
18.9756
18.9756
18.9756
18.9756
18.9756
18.9756
18.9756
18.9756
18.9756
18.9756
18.9756
18.9756
18.9756
18.9756
18.9756
18.9756
18.9756
18.9756
18.9756
18.9756
18.9756
18.9755
18.9755
18.9755
18.9755
18.9755
18.9755
18.9755
18.9755
18.9755
18.9755
18.9755
18.9756
18.9756
18.9756
18.9756
18.9756
18.9756
18.9756
18.9756
18.9756
18.9756
18.9756
18.9756
18.9756
18.9756
18.9756
18.9756
18.9756
18.9756
18.9756
18.9756
18.9756
18.9756
18.9756
18.9756
18.9756
18.9756
18.9756
18.9756
18.9756
18.9756
18.9756
18.9756
18.9756
18.9756
18.9756
18.9756
18.9756
18.9756
18.9756
18.9756
18.9756
18.9755
18.9755
18.9755
18.9755
18.9755
18.9755
18.9755
18.9756
18.9756
18.9756
18.9756
18.9756
18.9756
18.9756
18.9756
18.9756
18.9756
18.9756
18.9756
18.9756
18.9756
18.9756
18.9756
18.9756
18.9756
18.9756
18.9756
18.9756
18.9756
18.9756
18.9756
18.9756
18.9756
18.9756
18.9756
18.9756
18.9756
18.9756
18.9756
18.9756
18.9756
18.9756
18.9756
18.9756
18.9756
18.9756
18.9756
18.9756
18.9756
18.9756
18.9756
18.9756
18.9756
18.9756
18.9756
18.9756
18.9756
18.9756
18.9756
18.9756
18.9756
18.9756
18.9756
18.9756
18.9756
18.9756
18.9756
18.9756
18.9756
18.9756
18.9756
18.9756
18.9756
18.9756
18.9756
18.9756
18.9756
18.9756
18.9756
18.9756
18.9756
18.9756
18.9756
18.9756
18.9756
18.9756
18.9756
18.9756
18.9756
18.9756
18.9756
18.9756
18.9756
18.9756
18.9756
18.9756
18.9756
18.9756
18.9756
18.9756
18.9756
18.9756
18.9756
18.9756
18.9756
18.9756
18.9756
18.9756
18.9756
18.9756
18.9756
18.9756
18.9756
18.9756
18.9756
18.9756
18.9756
18.9756
18.9756
18.9756
18.9756
18.9756
18.9756
18.9756
18.9756
18.9756
18.9756
18.9756
18.9756
18.9756
18.9756
18.9756
18.9756
18.9756
18.9756
18.9756
18.9756
18.9756
18.9756
18.9756
18.9756
18.9756
18.9756
18.9756
18.9756
18.9756
18.9756
18.9756
18.9756
18.9756
18.9756
18.9756
18.9756
18.9756
18.9756
18.9756
18.9756
18.9756
18.9756
18.9756
18.9756
18.9756
18.9756
18.9756
18.9756
18.9756
18.9756
18.9756
18.9756
18.9756
18.9756
18.9756
18.9756
18.9756
18.9756
18.9756
18.9756
18.9756
18.9756
18.9756
18.9756
18.9756
18.9756
18.9756
18.9756
18.9756
18.9756
18.9756
18.9755
18.9755
18.9755
18.9755
18.9754
18.9751
18.9747
18.9731
18.9718
18.9663
18.9522
18.9108
18.9389
25.718
23.5985
21.9386
20.935
20.3288
19.7315
19.0196
18.2994
17.6133
16.9655
16.3798
15.8763
15.474
15.1856
15.0126
14.946
14.9721
15.0753
15.2383
15.4428
15.6714
15.9054
16.1307
16.3383
16.5235
16.6848
16.8228
16.9394
17.0369
17.1178
17.1848
17.2398
17.2851
17.3221
17.3525
17.3774
17.3977
17.4143
17.4279
17.4389
17.448
17.4555
17.4616
17.4665
17.4705
17.4738
17.4764
17.4786
17.4803
17.4817
17.4829
17.4838
17.4845
17.4851
17.4856
17.4859
17.4862
17.4865
17.4866
17.4868
17.4869
17.487
17.487
17.4871
17.4871
17.4871
17.4872
17.4872
17.4872
17.4872
17.4872
17.4872
17.4872
17.4872
17.4871
17.4871
17.4871
17.4871
17.4871
17.4871
17.4871
17.4871
17.4871
17.4871
17.4871
17.4871
17.4871
17.4871
17.4871
17.4871
17.4871
17.4871
17.4871
17.487
17.487
17.487
17.487
17.487
17.487
17.487
17.487
17.487
17.487
17.487
17.487
17.487
17.487
17.487
17.487
17.487
17.487
17.487
17.487
17.487
17.487
17.487
17.487
17.487
17.487
17.487
17.487
17.487
17.487
17.487
17.487
17.487
17.487
17.487
17.487
17.487
17.487
17.487
17.487
17.487
17.487
17.487
17.487
17.487
17.487
17.487
17.487
17.487
17.487
17.487
17.487
17.487
17.4869
17.4869
17.4869
17.4869
17.4869
17.4869
17.4869
17.4869
17.4869
17.4869
17.4869
17.4869
17.4869
17.4869
17.4869
17.4869
17.4869
17.4869
17.4869
17.4869
17.4869
17.4869
17.4869
17.4869
17.4869
17.4869
17.4869
17.4869
17.4869
17.4869
17.4869
17.4869
17.4869
17.4869
17.4869
17.4869
17.4869
17.4869
17.4869
17.4869
17.4869
17.4869
17.4869
17.4869
17.4869
17.4869
17.4869
17.4869
17.4869
17.4869
17.4869
17.4869
17.4869
17.4869
17.4869
17.4869
17.4869
17.4869
17.4869
17.4869
17.4869
17.4869
17.4869
17.4869
17.4869
17.4869
17.4869
17.4869
17.4869
17.4869
17.4869
17.4869
17.4869
17.4869
17.4869
17.4869
17.4869
17.4869
17.4869
17.4869
17.4869
17.4869
17.4869
17.4869
17.4869
17.4869
17.4869
17.4869
17.4869
17.4869
17.4869
17.4869
17.4869
17.4869
17.4869
17.4869
17.4869
17.4869
17.4869
17.4869
17.4869
17.4869
17.4869
17.4869
17.4869
17.4869
17.4869
17.4869
17.4869
17.4869
17.4869
17.4869
17.4869
17.4869
17.4869
17.4869
17.4869
17.4869
17.4869
17.4869
17.4869
17.4869
17.4869
17.4869
17.4869
17.4869
17.4869
17.4869
17.4869
17.4869
17.4869
17.4869
17.4869
17.4869
17.4869
17.4869
17.4869
17.4869
17.4869
17.4869
17.4869
17.4869
17.4869
17.4869
17.4869
17.4869
17.4869
17.4869
17.4869
17.4869
17.4869
17.4869
17.4869
17.4869
17.4869
17.4869
17.4869
17.4869
17.4869
17.4869
17.4869
17.4869
17.4869
17.4869
17.4869
17.4869
17.4869
17.4869
17.4869
17.4869
17.4869
17.4869
17.4869
17.4869
17.4869
17.4869
17.4869
17.4869
17.4869
17.4869
17.4869
17.4869
17.4869
17.4869
17.4869
17.4869
17.4869
17.4869
17.4869
17.4869
17.4869
17.4869
17.4869
17.4869
17.4869
17.4869
17.4869
17.4869
17.4869
17.4869
17.4869
17.4869
17.4869
17.4869
17.4869
17.4869
17.4869
17.4869
17.4869
17.4869
17.4869
17.4869
17.4869
17.4869
17.4869
17.4869
17.4869
17.4869
17.4869
17.4869
17.4869
17.4869
17.4869
17.4869
17.4869
17.4869
17.4869
17.4869
17.4869
17.4869
17.4869
17.4869
17.4869
17.4869
17.4869
17.4869
17.4869
17.4869
17.4869
17.4869
17.4869
17.4869
17.4869
17.4869
17.4869
17.4869
17.4869
17.4869
17.4869
17.4869
17.4869
17.4869
17.4869
17.4869
17.4869
17.4869
17.4869
17.4869
17.4869
17.4869
17.4869
17.4869
17.4869
17.4869
17.4869
17.4869
17.4869
17.4869
17.4869
17.4869
17.4869
17.4869
17.4869
17.4869
17.4869
17.4869
17.4869
17.4869
17.4869
17.487
17.487
17.487
17.487
17.487
17.487
17.487
17.487
17.487
17.487
17.487
17.487
17.487
17.487
17.487
17.487
17.487
17.487
17.487
17.487
17.487
17.487
17.487
17.487
17.487
17.487
17.487
17.487
17.4869
17.4869
17.4869
17.4869
17.4869
17.4869
17.4869
17.4869
17.4869
17.4869
17.4869
17.4869
17.4869
17.4869
17.4869
17.4869
17.4869
17.4869
17.4869
17.4869
17.4869
17.4869
17.4869
17.4869
17.4869
17.4869
17.4869
17.4869
17.4869
17.4869
17.4869
17.4869
17.4869
17.4869
17.4869
17.4869
17.4868
17.4868
17.4866
17.4862
17.4855
17.4833
17.4799
17.4697
17.4401
17.368
17.4054
25.718
23.5985
21.9386
20.935
20.3288
19.7315
19.0196
18.2994
17.6133
16.9655
16.3798
15.8763
15.474
15.1856
15.0126
14.946
14.9721
15.0753
15.2383
15.4428
15.6714
15.9054
16.1307
16.3383
16.5235
16.6848
16.8228
16.9394
17.0369
17.1178
17.1848
17.2398
17.2851
17.3221
17.3525
17.3774
17.3977
17.4143
17.4279
17.4389
17.448
17.4555
17.4616
17.4665
17.4705
17.4738
17.4764
17.4786
17.4803
17.4817
17.4829
17.4838
17.4845
17.4851
17.4856
17.4859
17.4862
17.4865
17.4866
17.4868
17.4869
17.487
17.487
17.4871
17.4871
17.4871
17.4872
17.4872
17.4872
17.4872
17.4872
17.4872
17.4872
17.4872
17.4871
17.4871
17.4871
17.4871
17.4871
17.4871
17.4871
17.4871
17.4871
17.4871
17.4871
17.4871
17.4871
17.4871
17.4871
17.4871
17.4871
17.4871
17.4871
17.487
17.487
17.487
17.487
17.487
17.487
17.487
17.487
17.487
17.487
17.487
17.487
17.487
17.487
17.487
17.487
17.487
17.487
17.487
17.487
17.487
17.487
17.487
17.487
17.487
17.487
17.487
17.487
17.487
17.487
17.487
17.487
17.487
17.487
17.487
17.487
17.487
17.487
17.487
17.487
17.487
17.487
17.487
17.487
17.487
17.487
17.487
17.487
17.487
17.487
17.487
17.487
17.487
17.4869
17.4869
17.4869
17.4869
17.4869
17.4869
17.4869
17.4869
17.4869
17.4869
17.4869
17.4869
17.4869
17.4869
17.4869
17.4869
17.4869
17.4869
17.4869
17.4869
17.4869
17.4869
17.4869
17.4869
17.4869
17.4869
17.4869
17.4869
17.4869
17.4869
17.4869
17.4869
17.4869
17.4869
17.4869
17.4869
17.4869
17.4869
17.4869
17.4869
17.4869
17.4869
17.4869
17.4869
17.4869
17.4869
17.4869
17.4869
17.4869
17.4869
17.4869
17.4869
17.4869
17.4869
17.4869
17.4869
17.4869
17.4869
17.4869
17.4869
17.4869
17.4869
17.4869
17.4869
17.4869
17.4869
17.4869
17.4869
17.4869
17.4869
17.4869
17.4869
17.4869
17.4869
17.4869
17.4869
17.4869
17.4869
17.4869
17.4869
17.4869
17.4869
17.4869
17.4869
17.4869
17.4869
17.4869
17.4869
17.4869
17.4869
17.4869
17.4869
17.4869
17.4869
17.4869
17.4869
17.4869
17.4869
17.4869
17.4869
17.4869
17.4869
17.4869
17.4869
17.4869
17.4869
17.4869
17.4869
17.4869
17.4869
17.4869
17.4869
17.4869
17.4869
17.4869
17.4869
17.4869
17.4869
17.4869
17.4869
17.4869
17.4869
17.4869
17.4869
17.4869
17.4869
17.4869
17.4869
17.4869
17.4869
17.4869
17.4869
17.4869
17.4869
17.4869
17.4869
17.4869
17.4869
17.4869
17.4869
17.4869
17.4869
17.4869
17.4869
17.4869
17.4869
17.4869
17.4869
17.4869
17.4869
17.4869
17.4869
17.4869
17.4869
17.4869
17.4869
17.4869
17.4869
17.4869
17.4869
17.4869
17.4869
17.4869
17.4869
17.4869
17.4869
17.4869
17.4869
17.4869
17.4869
17.4869
17.4869
17.4869
17.4869
17.4869
17.4869
17.4869
17.4869
17.4869
17.4869
17.4869
17.4869
17.4869
17.4869
17.4869
17.4869
17.4869
17.4869
17.4869
17.4869
17.4869
17.4869
17.4869
17.4869
17.4869
17.4869
17.4869
17.4869
17.4869
17.4869
17.4869
17.4869
17.4869
17.4869
17.4869
17.4869
17.4869
17.4869
17.4869
17.4869
17.4869
17.4869
17.4869
17.4869
17.4869
17.4869
17.4869
17.4869
17.4869
17.4869
17.4869
17.4869
17.4869
17.4869
17.4869
17.4869
17.4869
17.4869
17.4869
17.4869
17.4869
17.4869
17.4869
17.4869
17.4869
17.4869
17.4869
17.4869
17.4869
17.4869
17.4869
17.4869
17.4869
17.4869
17.4869
17.4869
17.4869
17.4869
17.4869
17.4869
17.4869
17.4869
17.4869
17.4869
17.4869
17.4869
17.4869
17.4869
17.4869
17.4869
17.4869
17.4869
17.4869
17.4869
17.4869
17.4869
17.4869
17.4869
17.4869
17.4869
17.4869
17.4869
17.4869
17.4869
17.4869
17.4869
17.4869
17.4869
17.487
17.487
17.487
17.487
17.487
17.487
17.487
17.487
17.487
17.487
17.487
17.487
17.487
17.487
17.487
17.487
17.487
17.487
17.487
17.487
17.487
17.487
17.487
17.487
17.487
17.487
17.487
17.487
17.487
17.487
17.4869
17.4869
17.4869
17.4869
17.4869
17.4869
17.4869
17.4869
17.4869
17.4869
17.4869
17.4869
17.4869
17.4869
17.4869
17.4869
17.4869
17.4869
17.4869
17.4869
17.4869
17.4869
17.4869
17.4869
17.4869
17.4869
17.4869
17.4869
17.4869
17.4869
17.4869
17.4869
17.4869
17.4869
17.4869
17.4868
17.4868
17.4866
17.4862
17.4855
17.4833
17.4799
17.4697
17.4401
17.368
17.4053
27.589
25.3474
23.5757
22.5006
21.8235
21.1567
20.3826
19.6126
18.8906
18.2196
17.6225
17.1168
16.7179
16.4345
16.2655
16.201
16.2258
16.323
16.4762
16.6696
16.8882
17.118
17.3472
17.5663
17.769
17.9516
18.1127
18.2525
18.3723
18.4739
18.5595
18.6312
18.691
18.7406
18.7818
18.8158
18.844
18.8673
18.8866
18.9024
18.9154
18.9262
18.9352
18.9426
18.9488
18.9538
18.9579
18.9613
18.9641
18.9663
18.9682
18.9697
18.9709
18.9719
18.9727
18.9733
18.9739
18.9743
18.9746
18.9749
18.9751
18.9753
18.9754
18.9755
18.9756
18.9757
18.9757
18.9757
18.9758
18.9758
18.9758
18.9758
18.9758
18.9758
18.9758
18.9758
18.9758
18.9758
18.9758
18.9758
18.9758
18.9758
18.9757
18.9757
18.9757
18.9757
18.9757
18.9757
18.9757
18.9757
18.9757
18.9757
18.9757
18.9757
18.9757
18.9757
18.9757
18.9757
18.9757
18.9757
18.9757
18.9757
18.9757
18.9757
18.9757
18.9757
18.9757
18.9757
18.9757
18.9757
18.9757
18.9757
18.9757
18.9757
18.9757
18.9757
18.9757
18.9757
18.9757
18.9756
18.9756
18.9756
18.9756
18.9756
18.9756
18.9756
18.9756
18.9756
18.9756
18.9756
18.9756
18.9756
18.9756
18.9756
18.9756
18.9756
18.9756
18.9756
18.9756
18.9756
18.9756
18.9756
18.9756
18.9756
18.9756
18.9756
18.9756
18.9756
18.9756
18.9756
18.9756
18.9756
18.9756
18.9756
18.9756
18.9756
18.9756
18.9756
18.9756
18.9756
18.9756
18.9756
18.9756
18.9756
18.9756
18.9756
18.9756
18.9756
18.9756
18.9756
18.9756
18.9756
18.9756
18.9756
18.9756
18.9756
18.9756
18.9756
18.9756
18.9756
18.9756
18.9756
18.9756
18.9756
18.9756
18.9756
18.9756
18.9756
18.9756
18.9756
18.9756
18.9756
18.9756
18.9756
18.9756
18.9756
18.9756
18.9756
18.9756
18.9756
18.9756
18.9756
18.9756
18.9756
18.9756
18.9756
18.9756
18.9756
18.9756
18.9756
18.9756
18.9756
18.9756
18.9756
18.9756
18.9756
18.9756
18.9756
18.9756
18.9756
18.9756
18.9756
18.9756
18.9756
18.9756
18.9756
18.9756
18.9756
18.9756
18.9756
18.9756
18.9756
18.9756
18.9756
18.9756
18.9756
18.9756
18.9756
18.9756
18.9756
18.9756
18.9756
18.9756
18.9756
18.9756
18.9756
18.9756
18.9756
18.9756
18.9755
18.9755
18.9755
18.9755
18.9755
18.9755
18.9755
18.9756
18.9756
18.9756
18.9756
18.9756
18.9756
18.9756
18.9756
18.9756
18.9756
18.9756
18.9756
18.9756
18.9756
18.9756
18.9756
18.9756
18.9756
18.9756
18.9756
18.9756
18.9756
18.9756
18.9756
18.9756
18.9756
18.9756
18.9756
18.9756
18.9756
18.9756
18.9756
18.9756
18.9756
18.9756
18.9756
18.9756
18.9756
18.9756
18.9756
18.9756
18.9756
18.9756
18.9756
18.9756
18.9756
18.9756
18.9756
18.9756
18.9756
18.9756
18.9756
18.9756
18.9756
18.9756
18.9756
18.9756
18.9756
18.9756
18.9756
18.9756
18.9756
18.9756
18.9756
18.9756
18.9756
18.9756
18.9756
18.9756
18.9756
18.9756
18.9756
18.9756
18.9756
18.9756
18.9756
18.9756
18.9756
18.9756
18.9756
18.9756
18.9756
18.9756
18.9756
18.9756
18.9756
18.9756
18.9756
18.9756
18.9756
18.9756
18.9756
18.9756
18.9756
18.9756
18.9756
18.9756
18.9756
18.9756
18.9756
18.9756
18.9756
18.9756
18.9756
18.9756
18.9756
18.9756
18.9756
18.9756
18.9756
18.9756
18.9756
18.9756
18.9756
18.9756
18.9756
18.9756
18.9756
18.9756
18.9756
18.9756
18.9756
18.9756
18.9756
18.9756
18.9756
18.9756
18.9756
18.9756
18.9756
18.9756
18.9756
18.9756
18.9756
18.9756
18.9756
18.9756
18.9756
18.9756
18.9756
18.9756
18.9756
18.9756
18.9756
18.9756
18.9756
18.9756
18.9756
18.9756
18.9756
18.9756
18.9756
18.9756
18.9756
18.9756
18.9756
18.9756
18.9756
18.9756
18.9756
18.9756
18.9756
18.9756
18.9756
18.9756
18.9756
18.9756
18.9756
18.9756
18.9756
18.9756
18.9756
18.9756
18.9756
18.9756
18.9756
18.9756
18.9756
18.9756
18.9756
18.9756
18.9756
18.9756
18.9756
18.9756
18.9756
18.9756
18.9756
18.9756
18.9756
18.9756
18.9756
18.9756
18.9756
18.9756
18.9756
18.9756
18.9756
18.9756
18.9756
18.9756
18.9756
18.9756
18.9756
18.9756
18.9756
18.9756
18.9756
18.9756
18.9756
18.9756
18.9756
18.9756
18.9756
18.9756
18.9756
18.9756
18.9756
18.9756
18.9756
18.9756
18.9756
18.9756
18.9756
18.9756
18.9756
18.9756
18.9756
18.9756
18.9756
18.9756
18.9756
18.9756
18.9755
18.9755
18.9754
18.9751
18.9747
18.9731
18.9717
18.9663
18.9522
18.9108
18.9389
28.6189
26.3111
24.4753
23.3597
22.6457
21.9451
21.1417
20.3489
19.6121
18.9337
18.3362
17.8358
17.445
17.1697
17.0068
16.9455
16.9705
17.0658
17.2156
17.4049
17.6194
17.8463
18.075
18.2969
18.506
18.698
18.8709
19.0239
19.1574
19.2726
19.3712
19.4548
19.5253
19.5846
19.6342
19.6756
19.7101
19.7388
19.7627
19.7825
19.7989
19.8124
19.8237
19.8331
19.841
19.8476
19.853
19.8574
19.8611
19.8641
19.8665
19.8685
19.8702
19.8715
19.8726
19.8735
19.8742
19.8748
19.8753
19.8757
19.876
19.8762
19.8764
19.8766
19.8767
19.8768
19.8768
19.8769
19.8769
19.8769
19.877
19.877
19.877
19.877
19.877
19.877
19.877
19.877
19.877
19.8769
19.8769
19.8769
19.8769
19.8769
19.8769
19.8769
19.8769
19.8769
19.8769
19.8769
19.8769
19.8769
19.8769
19.8769
19.8769
19.8769
19.8769
19.8769
19.8768
19.8768
19.8768
19.8768
19.8768
19.8768
19.8768
19.8768
19.8768
19.8768
19.8768
19.8768
19.8768
19.8768
19.8768
19.8768
19.8768
19.8768
19.8768
19.8768
19.8768
19.8768
19.8768
19.8768
19.8768
19.8768
19.8768
19.8768
19.8768
19.8768
19.8768
19.8768
19.8768
19.8768
19.8768
19.8768
19.8768
19.8768
19.8768
19.8768
19.8768
19.8768
19.8768
19.8768
19.8768
19.8768
19.8768
19.8768
19.8768
19.8768
19.8768
19.8768
19.8768
19.8768
19.8768
19.8768
19.8768
19.8768
19.8768
19.8768
19.8768
19.8768
19.8768
19.8768
19.8768
19.8768
19.8768
19.8768
19.8768
19.8768
19.8768
19.8768
19.8768
19.8768
19.8768
19.8768
19.8768
19.8768
19.8768
19.8768
19.8768
19.8768
19.8768
19.8768
19.8768
19.8768
19.8768
19.8768
19.8768
19.8768
19.8768
19.8768
19.8768
19.8768
19.8768
19.8768
19.8768
19.8768
19.8768
19.8768
19.8768
19.8768
19.8768
19.8768
19.8768
19.8768
19.8768
19.8767
19.8767
19.8767
19.8767
19.8767
19.8767
19.8767
19.8767
19.8767
19.8767
19.8767
19.8767
19.8767
19.8768
19.8768
19.8768
19.8768
19.8768
19.8768
19.8768
19.8768
19.8768
19.8768
19.8768
19.8767
19.8767
19.8767
19.8767
19.8767
19.8767
19.8767
19.8767
19.8767
19.8767
19.8767
19.8767
19.8767
19.8767
19.8767
19.8767
19.8767
19.8767
19.8767
19.8767
19.8767
19.8767
19.8767
19.8767
19.8767
19.8767
19.8767
19.8767
19.8767
19.8767
19.8767
19.8767
19.8767
19.8767
19.8768
19.8768
19.8768
19.8768
19.8768
19.8768
19.8768
19.8768
19.8768
19.8768
19.8768
19.8768
19.8768
19.8768
19.8768
19.8768
19.8768
19.8768
19.8768
19.8768
19.8768
19.8768
19.8768
19.8768
19.8768
19.8768
19.8767
19.8767
19.8767
19.8767
19.8767
19.8767
19.8767
19.8767
19.8767
19.8767
19.8767
19.8767
19.8767
19.8767
19.8767
19.8767
19.8767
19.8767
19.8767
19.8767
19.8767
19.8767
19.8767
19.8767
19.8767
19.8767
19.8767
19.8767
19.8767
19.8767
19.8768
19.8768
19.8768
19.8768
19.8768
19.8768
19.8768
19.8768
19.8768
19.8768
19.8768
19.8768
19.8768
19.8768
19.8768
19.8768
19.8768
19.8768
19.8768
19.8768
19.8768
19.8768
19.8768
19.8768
19.8768
19.8768
19.8768
19.8768
19.8768
19.8768
19.8768
19.8768
19.8768
19.8768
19.8768
19.8768
19.8768
19.8768
19.8768
19.8768
19.8768
19.8768
19.8768
19.8768
19.8768
19.8768
19.8768
19.8768
19.8768
19.8768
19.8768
19.8768
19.8768
19.8768
19.8768
19.8768
19.8768
19.8768
19.8768
19.8768
19.8768
19.8768
19.8768
19.8768
19.8768
19.8768
19.8768
19.8768
19.8768
19.8768
19.8768
19.8768
19.8768
19.8768
19.8768
19.8768
19.8768
19.8768
19.8768
19.8768
19.8768
19.8768
19.8768
19.8768
19.8768
19.8768
19.8768
19.8768
19.8768
19.8768
19.8768
19.8768
19.8768
19.8768
19.8768
19.8768
19.8768
19.8768
19.8768
19.8768
19.8768
19.8768
19.8768
19.8768
19.8768
19.8768
19.8768
19.8768
19.8768
19.8768
19.8768
19.8768
19.8768
19.8768
19.8768
19.8768
19.8768
19.8768
19.8768
19.8768
19.8768
19.8768
19.8768
19.8768
19.8768
19.8768
19.8768
19.8768
19.8768
19.8768
19.8768
19.8768
19.8768
19.8768
19.8768
19.8768
19.8768
19.8768
19.8768
19.8768
19.8768
19.8768
19.8768
19.8768
19.8768
19.8768
19.8768
19.8768
19.8768
19.8768
19.8768
19.8768
19.8768
19.8768
19.8768
19.8768
19.8768
19.8768
19.8768
19.8768
19.8768
19.8768
19.8768
19.8768
19.8768
19.8768
19.8768
19.8767
19.8767
19.8767
19.8767
19.8767
19.8767
19.8766
19.8765
19.8755
19.8757
19.8728
19.8635
19.8463
19.8667
28.6189
26.3111
24.4753
23.3597
22.6457
21.9451
21.1417
20.3489
19.6121
18.9337
18.3362
17.8358
17.445
17.1697
17.0068
16.9455
16.9705
17.0658
17.2156
17.4049
17.6194
17.8463
18.075
18.2969
18.506
18.698
18.8709
19.0239
19.1574
19.2726
19.3712
19.4548
19.5253
19.5846
19.6342
19.6756
19.7101
19.7388
19.7627
19.7825
19.7989
19.8124
19.8237
19.8331
19.841
19.8476
19.853
19.8574
19.8611
19.8641
19.8665
19.8685
19.8702
19.8715
19.8726
19.8735
19.8742
19.8748
19.8753
19.8757
19.876
19.8762
19.8764
19.8766
19.8767
19.8768
19.8768
19.8769
19.8769
19.8769
19.877
19.877
19.877
19.877
19.877
19.877
19.877
19.877
19.877
19.8769
19.8769
19.8769
19.8769
19.8769
19.8769
19.8769
19.8769
19.8769
19.8769
19.8769
19.8769
19.8769
19.8769
19.8769
19.8769
19.8769
19.8769
19.8769
19.8768
19.8768
19.8768
19.8768
19.8768
19.8768
19.8768
19.8768
19.8768
19.8768
19.8768
19.8768
19.8768
19.8768
19.8768
19.8768
19.8768
19.8768
19.8768
19.8768
19.8768
19.8768
19.8768
19.8768
19.8768
19.8768
19.8768
19.8768
19.8768
19.8768
19.8768
19.8768
19.8768
19.8768
19.8768
19.8768
19.8768
19.8768
19.8768
19.8768
19.8768
19.8768
19.8768
19.8768
19.8768
19.8768
19.8768
19.8768
19.8768
19.8768
19.8768
19.8768
19.8768
19.8768
19.8768
19.8768
19.8768
19.8768
19.8768
19.8768
19.8768
19.8768
19.8768
19.8768
19.8768
19.8768
19.8768
19.8768
19.8768
19.8768
19.8768
19.8768
19.8768
19.8768
19.8768
19.8768
19.8768
19.8768
19.8768
19.8768
19.8768
19.8768
19.8768
19.8768
19.8768
19.8768
19.8768
19.8768
19.8768
19.8768
19.8768
19.8768
19.8768
19.8768
19.8768
19.8768
19.8768
19.8768
19.8768
19.8768
19.8768
19.8768
19.8768
19.8768
19.8768
19.8768
19.8768
19.8767
19.8767
19.8767
19.8767
19.8767
19.8767
19.8767
19.8767
19.8767
19.8767
19.8767
19.8767
19.8768
19.8768
19.8768
19.8768
19.8768
19.8768
19.8768
19.8768
19.8768
19.8768
19.8768
19.8768
19.8767
19.8767
19.8767
19.8767
19.8767
19.8767
19.8767
19.8767
19.8767
19.8767
19.8767
19.8767
19.8767
19.8767
19.8767
19.8767
19.8767
19.8767
19.8767
19.8767
19.8767
19.8767
19.8767
19.8767
19.8767
19.8767
19.8767
19.8767
19.8767
19.8767
19.8767
19.8767
19.8767
19.8768
19.8768
19.8768
19.8768
19.8768
19.8768
19.8768
19.8768
19.8768
19.8768
19.8768
19.8768
19.8768
19.8768
19.8768
19.8768
19.8768
19.8768
19.8768
19.8768
19.8768
19.8768
19.8768
19.8768
19.8768
19.8768
19.8768
19.8767
19.8767
19.8767
19.8767
19.8767
19.8767
19.8767
19.8767
19.8767
19.8767
19.8767
19.8767
19.8767
19.8767
19.8767
19.8767
19.8767
19.8767
19.8767
19.8767
19.8767
19.8767
19.8767
19.8767
19.8767
19.8767
19.8767
19.8767
19.8767
19.8768
19.8768
19.8768
19.8768
19.8768
19.8768
19.8768
19.8768
19.8768
19.8768
19.8768
19.8768
19.8768
19.8768
19.8768
19.8768
19.8768
19.8768
19.8768
19.8768
19.8768
19.8768
19.8768
19.8768
19.8768
19.8768
19.8768
19.8768
19.8768
19.8768
19.8768
19.8768
19.8768
19.8768
19.8768
19.8768
19.8768
19.8768
19.8768
19.8768
19.8768
19.8768
19.8768
19.8768
19.8768
19.8768
19.8768
19.8768
19.8768
19.8768
19.8768
19.8768
19.8768
19.8768
19.8768
19.8768
19.8768
19.8768
19.8768
19.8768
19.8768
19.8768
19.8768
19.8768
19.8768
19.8768
19.8768
19.8768
19.8768
19.8768
19.8768
19.8768
19.8768
19.8768
19.8768
19.8768
19.8768
19.8768
19.8768
19.8768
19.8768
19.8768
19.8768
19.8768
19.8768
19.8768
19.8768
19.8768
19.8768
19.8768
19.8768
19.8768
19.8768
19.8768
19.8768
19.8768
19.8768
19.8768
19.8768
19.8768
19.8768
19.8768
19.8768
19.8768
19.8768
19.8768
19.8768
19.8768
19.8768
19.8768
19.8768
19.8768
19.8768
19.8768
19.8768
19.8768
19.8768
19.8768
19.8768
19.8768
19.8768
19.8768
19.8768
19.8768
19.8768
19.8768
19.8768
19.8768
19.8768
19.8768
19.8768
19.8768
19.8768
19.8768
19.8768
19.8768
19.8768
19.8768
19.8768
19.8768
19.8768
19.8768
19.8768
19.8768
19.8768
19.8768
19.8768
19.8768
19.8768
19.8768
19.8768
19.8768
19.8768
19.8768
19.8768
19.8768
19.8768
19.8768
19.8768
19.8768
19.8768
19.8768
19.8768
19.8768
19.8768
19.8768
19.8768
19.8768
19.8768
19.8768
19.8767
19.8767
19.8767
19.8767
19.8766
19.8765
19.8755
19.8757
19.8728
19.8635
19.8463
19.8666
27.589
25.3474
23.5757
22.5006
21.8235
21.1567
20.3826
19.6126
18.8906
18.2196
17.6225
17.1168
16.7179
16.4345
16.2655
16.2011
16.2258
16.323
16.4762
16.6696
16.8882
17.118
17.3472
17.5663
17.769
17.9516
18.1127
18.2525
18.3723
18.4739
18.5595
18.6312
18.691
18.7406
18.7818
18.8158
18.844
18.8673
18.8866
18.9024
18.9154
18.9262
18.9352
18.9426
18.9488
18.9538
18.9579
18.9613
18.9641
18.9663
18.9682
18.9697
18.9709
18.9719
18.9727
18.9733
18.9739
18.9743
18.9746
18.9749
18.9751
18.9753
18.9754
18.9755
18.9756
18.9757
18.9757
18.9757
18.9758
18.9758
18.9758
18.9758
18.9758
18.9758
18.9758
18.9758
18.9758
18.9758
18.9758
18.9758
18.9758
18.9758
18.9757
18.9757
18.9757
18.9757
18.9757
18.9757
18.9757
18.9757
18.9757
18.9757
18.9757
18.9757
18.9757
18.9757
18.9757
18.9757
18.9757
18.9757
18.9757
18.9757
18.9757
18.9757
18.9757
18.9757
18.9757
18.9757
18.9757
18.9757
18.9757
18.9757
18.9757
18.9757
18.9757
18.9757
18.9757
18.9757
18.9757
18.9756
18.9756
18.9756
18.9756
18.9756
18.9756
18.9756
18.9756
18.9756
18.9756
18.9756
18.9756
18.9756
18.9756
18.9756
18.9756
18.9756
18.9756
18.9756
18.9756
18.9756
18.9756
18.9756
18.9756
18.9756
18.9756
18.9756
18.9756
18.9756
18.9756
18.9756
18.9756
18.9756
18.9756
18.9756
18.9756
18.9756
18.9756
18.9756
18.9756
18.9756
18.9756
18.9756
18.9756
18.9756
18.9756
18.9756
18.9756
18.9756
18.9756
18.9756
18.9756
18.9756
18.9756
18.9756
18.9756
18.9756
18.9756
18.9756
18.9756
18.9756
18.9756
18.9756
18.9756
18.9756
18.9756
18.9756
18.9756
18.9756
18.9756
18.9756
18.9756
18.9756
18.9756
18.9756
18.9756
18.9756
18.9756
18.9756
18.9756
18.9756
18.9756
18.9756
18.9756
18.9756
18.9756
18.9756
18.9756
18.9756
18.9756
18.9756
18.9756
18.9756
18.9756
18.9756
18.9756
18.9756
18.9756
18.9756
18.9756
18.9756
18.9756
18.9756
18.9756
18.9756
18.9756
18.9756
18.9756
18.9756
18.9756
18.9756
18.9756
18.9756
18.9756
18.9756
18.9756
18.9756
18.9756
18.9756
18.9756
18.9756
18.9756
18.9756
18.9756
18.9756
18.9756
18.9756
18.9756
18.9756
18.9756
18.9756
18.9756
18.9756
18.9756
18.9756
18.9756
18.9756
18.9756
18.9756
18.9756
18.9756
18.9756
18.9756
18.9756
18.9756
18.9756
18.9756
18.9756
18.9756
18.9756
18.9756
18.9756
18.9756
18.9756
18.9756
18.9756
18.9756
18.9756
18.9756
18.9756
18.9756
18.9756
18.9756
18.9756
18.9756
18.9756
18.9756
18.9756
18.9756
18.9756
18.9756
18.9756
18.9756
18.9756
18.9756
18.9756
18.9756
18.9756
18.9756
18.9756
18.9756
18.9756
18.9756
18.9756
18.9756
18.9756
18.9756
18.9756
18.9756
18.9756
18.9756
18.9756
18.9756
18.9756
18.9756
18.9756
18.9756
18.9756
18.9756
18.9756
18.9756
18.9756
18.9756
18.9756
18.9756
18.9756
18.9756
18.9756
18.9756
18.9756
18.9756
18.9756
18.9756
18.9756
18.9756
18.9756
18.9756
18.9756
18.9756
18.9756
18.9756
18.9756
18.9756
18.9756
18.9756
18.9756
18.9756
18.9756
18.9756
18.9756
18.9756
18.9756
18.9756
18.9756
18.9756
18.9756
18.9756
18.9756
18.9756
18.9756
18.9756
18.9756
18.9756
18.9756
18.9756
18.9756
18.9756
18.9756
18.9756
18.9756
18.9756
18.9756
18.9756
18.9756
18.9756
18.9756
18.9756
18.9756
18.9756
18.9756
18.9756
18.9756
18.9756
18.9756
18.9756
18.9756
18.9756
18.9756
18.9756
18.9756
18.9756
18.9756
18.9756
18.9756
18.9756
18.9756
18.9756
18.9756
18.9756
18.9756
18.9756
18.9756
18.9756
18.9756
18.9756
18.9756
18.9756
18.9756
18.9756
18.9756
18.9756
18.9756
18.9756
18.9756
18.9756
18.9756
18.9756
18.9756
18.9756
18.9756
18.9756
18.9756
18.9756
18.9756
18.9756
18.9756
18.9756
18.9756
18.9756
18.9756
18.9756
18.9756
18.9756
18.9756
18.9756
18.9756
18.9756
18.9756
18.9756
18.9756
18.9756
18.9756
18.9756
18.9756
18.9756
18.9756
18.9756
18.9756
18.9756
18.9756
18.9756
18.9756
18.9756
18.9756
18.9756
18.9756
18.9756
18.9756
18.9756
18.9756
18.9756
18.9756
18.9756
18.9756
18.9756
18.9756
18.9756
18.9756
18.9756
18.9756
18.9756
18.9756
18.9756
18.9756
18.9756
18.9756
18.9756
18.9756
18.9756
18.9756
18.9756
18.9756
18.9756
18.9756
18.9756
18.9756
18.9756
18.9756
18.9756
18.9756
18.9755
18.9755
18.9754
18.9751
18.9747
18.9731
18.9717
18.9663
18.9522
18.9108
18.9388
25.718
23.5985
21.9386
20.935
20.3288
19.7315
19.0196
18.2994
17.6133
16.9655
16.3798
15.8763
15.474
15.1856
15.0126
14.946
14.9721
15.0753
15.2383
15.4428
15.6714
15.9054
16.1307
16.3383
16.5235
16.6848
16.8228
16.9394
17.0369
17.1178
17.1848
17.2398
17.2851
17.3222
17.3525
17.3774
17.3977
17.4143
17.4279
17.4389
17.448
17.4555
17.4616
17.4665
17.4705
17.4738
17.4764
17.4786
17.4803
17.4817
17.4829
17.4838
17.4845
17.4851
17.4856
17.4859
17.4862
17.4865
17.4866
17.4868
17.4869
17.487
17.487
17.4871
17.4871
17.4871
17.4872
17.4872
17.4872
17.4872
17.4872
17.4872
17.4872
17.4872
17.4872
17.4871
17.4871
17.4871
17.4871
17.4871
17.4871
17.4871
17.4871
17.4871
17.4871
17.4871
17.4871
17.4871
17.4871
17.4871
17.4871
17.4871
17.4871
17.487
17.487
17.487
17.487
17.487
17.487
17.487
17.487
17.487
17.487
17.487
17.487
17.487
17.487
17.487
17.487
17.487
17.487
17.487
17.487
17.487
17.487
17.487
17.487
17.487
17.487
17.487
17.487
17.487
17.487
17.487
17.487
17.487
17.487
17.487
17.487
17.487
17.487
17.487
17.487
17.487
17.487
17.487
17.487
17.487
17.487
17.487
17.487
17.487
17.487
17.487
17.487
17.4869
17.4869
17.4869
17.4869
17.4869
17.4869
17.4869
17.4869
17.4869
17.4869
17.4869
17.4869
17.4869
17.4869
17.4869
17.4869
17.4869
17.4869
17.4869
17.4869
17.4869
17.4869
17.4869
17.4869
17.4869
17.4869
17.4869
17.4869
17.4869
17.4869
17.4869
17.4869
17.4869
17.4869
17.4869
17.4869
17.4869
17.4869
17.4869
17.4869
17.4869
17.4869
17.4869
17.4869
17.4869
17.4869
17.4869
17.4869
17.4869
17.4869
17.4869
17.4869
17.4869
17.4869
17.4869
17.4869
17.4869
17.4869
17.4869
17.4869
17.4869
17.4869
17.4869
17.4869
17.4869
17.4869
17.4869
17.4869
17.4869
17.4869
17.4869
17.4869
17.4869
17.4869
17.4869
17.4869
17.4869
17.4869
17.4869
17.4869
17.4869
17.4869
17.4869
17.4869
17.4869
17.4869
17.4869
17.4869
17.4869
17.4869
17.4869
17.4869
17.4869
17.4869
17.4869
17.4869
17.4869
17.4869
17.4869
17.4869
17.4869
17.4869
17.4869
17.4869
17.4869
17.4869
17.4869
17.4869
17.4869
17.4869
17.4869
17.4869
17.4869
17.4869
17.4869
17.4869
17.4869
17.4869
17.4869
17.4869
17.4869
17.4869
17.4869
17.4869
17.4869
17.4869
17.4869
17.4869
17.4869
17.4869
17.4869
17.4869
17.4869
17.4869
17.4869
17.4869
17.4869
17.4869
17.4869
17.4869
17.4869
17.4869
17.4869
17.4869
17.4869
17.4869
17.4869
17.4869
17.4869
17.4869
17.4869
17.4869
17.4869
17.4869
17.4869
17.4869
17.4869
17.4869
17.4869
17.4869
17.4869
17.4869
17.4869
17.4869
17.4869
17.4869
17.4869
17.4869
17.4869
17.4869
17.4869
17.4869
17.4869
17.4869
17.4869
17.4869
17.4869
17.4869
17.4869
17.4869
17.4869
17.4869
17.4869
17.4869
17.4869
17.4869
17.4869
17.4869
17.4869
17.4869
17.4869
17.4869
17.4869
17.4869
17.4869
17.4869
17.4869
17.4869
17.4869
17.4869
17.4869
17.4869
17.4869
17.4869
17.4869
17.4869
17.4869
17.4869
17.4869
17.4869
17.4869
17.4869
17.4869
17.4869
17.4869
17.4869
17.4869
17.4869
17.4869
17.4869
17.4869
17.4869
17.4869
17.4869
17.4869
17.4869
17.4869
17.4869
17.4869
17.4869
17.4869
17.4869
17.4869
17.4869
17.4869
17.4869
17.4869
17.4869
17.4869
17.4869
17.4869
17.4869
17.4869
17.4869
17.4869
17.4869
17.4869
17.4869
17.4869
17.4869
17.4869
17.4869
17.4869
17.4869
17.4869
17.4869
17.4869
17.4869
17.4869
17.4869
17.4869
17.4869
17.4869
17.4869
17.4869
17.4869
17.4869
17.4869
17.4869
17.4869
17.4869
17.4869
17.4869
17.4869
17.4869
17.4869
17.4869
17.487
17.487
17.487
17.487
17.487
17.487
17.487
17.487
17.487
17.487
17.487
17.487
17.487
17.487
17.487
17.487
17.487
17.487
17.487
17.487
17.487
17.487
17.487
17.487
17.487
17.487
17.487
17.487
17.487
17.487
17.487
17.487
17.487
17.4869
17.4869
17.4869
17.4869
17.4869
17.4869
17.4869
17.4869
17.4869
17.4869
17.4869
17.4869
17.4869
17.4869
17.4869
17.4869
17.4869
17.4869
17.4869
17.4869
17.4869
17.4869
17.4869
17.4869
17.4869
17.4869
17.4869
17.4869
17.4869
17.4869
17.4869
17.4869
17.4869
17.4869
17.4869
17.4868
17.4866
17.4863
17.4856
17.4833
17.4799
17.4697
17.4401
17.368
17.4053
25.718
23.5985
21.9386
20.935
20.3288
19.7315
19.0196
18.2994
17.6133
16.9655
16.3798
15.8763
15.474
15.1856
15.0126
14.946
14.9721
15.0753
15.2383
15.4428
15.6714
15.9054
16.1307
16.3383
16.5235
16.6848
16.8228
16.9394
17.0369
17.1178
17.1847
17.2398
17.2851
17.3222
17.3525
17.3774
17.3977
17.4143
17.4279
17.4389
17.448
17.4555
17.4616
17.4665
17.4705
17.4738
17.4764
17.4786
17.4803
17.4817
17.4829
17.4838
17.4845
17.4851
17.4856
17.4859
17.4862
17.4865
17.4866
17.4868
17.4869
17.487
17.487
17.4871
17.4871
17.4871
17.4872
17.4872
17.4872
17.4872
17.4872
17.4872
17.4872
17.4872
17.4872
17.4871
17.4871
17.4871
17.4871
17.4871
17.4871
17.4871
17.4871
17.4871
17.4871
17.4871
17.4871
17.4871
17.4871
17.4871
17.4871
17.4871
17.4871
17.487
17.487
17.487
17.487
17.487
17.487
17.487
17.487
17.487
17.487
17.487
17.487
17.487
17.487
17.487
17.487
17.487
17.487
17.487
17.487
17.487
17.487
17.487
17.487
17.487
17.487
17.487
17.487
17.487
17.487
17.487
17.487
17.487
17.487
17.487
17.487
17.487
17.487
17.487
17.487
17.487
17.487
17.487
17.487
17.487
17.487
17.487
17.487
17.487
17.487
17.487
17.487
17.4869
17.4869
17.4869
17.4869
17.4869
17.4869
17.4869
17.4869
17.4869
17.4869
17.4869
17.4869
17.4869
17.4869
17.4869
17.4869
17.4869
17.4869
17.4869
17.4869
17.4869
17.4869
17.4869
17.4869
17.4869
17.4869
17.4869
17.4869
17.4869
17.4869
17.4869
17.4869
17.4869
17.4869
17.4869
17.4869
17.4869
17.4869
17.4869
17.4869
17.4869
17.4869
17.4869
17.4869
17.4869
17.4869
17.4869
17.4869
17.4869
17.4869
17.4869
17.4869
17.4869
17.4869
17.4869
17.4869
17.4869
17.4869
17.4869
17.4869
17.4869
17.4869
17.4869
17.4869
17.4869
17.4869
17.4869
17.4869
17.4869
17.4869
17.4869
17.4869
17.4869
17.4869
17.4869
17.4869
17.4869
17.4869
17.4869
17.4869
17.4869
17.4869
17.4869
17.4869
17.4869
17.4869
17.4869
17.4869
17.4869
17.4869
17.4869
17.4869
17.4869
17.4869
17.4869
17.4869
17.4869
17.4869
17.4869
17.4869
17.4869
17.4869
17.4869
17.4869
17.4869
17.4869
17.4869
17.4869
17.4869
17.4869
17.4869
17.4869
17.4869
17.4869
17.4869
17.4869
17.4869
17.4869
17.4869
17.4869
17.4869
17.4869
17.4869
17.4869
17.4869
17.4869
17.4869
17.4869
17.4869
17.4869
17.4869
17.4869
17.4869
17.4869
17.4869
17.4869
17.4869
17.4869
17.4869
17.4869
17.4869
17.4869
17.4869
17.4869
17.4869
17.4869
17.4869
17.4869
17.4869
17.4869
17.4869
17.4869
17.4869
17.4869
17.4869
17.4869
17.4869
17.4869
17.4869
17.4869
17.4869
17.4869
17.4869
17.4869
17.4869
17.4869
17.4869
17.4869
17.4869
17.4869
17.4869
17.4869
17.4869
17.4869
17.4869
17.4869
17.4869
17.4869
17.4869
17.4869
17.4869
17.4869
17.4869
17.4869
17.4869
17.4869
17.4869
17.4869
17.4869
17.4869
17.4869
17.4869
17.4869
17.4869
17.4869
17.4869
17.4869
17.4869
17.4869
17.4869
17.4869
17.4869
17.4869
17.4869
17.4869
17.4869
17.4869
17.4869
17.4869
17.4869
17.4869
17.4869
17.4869
17.4869
17.4869
17.4869
17.4869
17.4869
17.4869
17.4869
17.4869
17.4869
17.4869
17.4869
17.4869
17.4869
17.4869
17.4869
17.4869
17.4869
17.4869
17.4869
17.4869
17.4869
17.4869
17.4869
17.4869
17.4869
17.4869
17.4869
17.4869
17.4869
17.4869
17.4869
17.4869
17.4869
17.4869
17.4869
17.4869
17.4869
17.4869
17.4869
17.4869
17.4869
17.4869
17.4869
17.4869
17.4869
17.4869
17.4869
17.4869
17.4869
17.4869
17.4869
17.4869
17.4869
17.4869
17.4869
17.4869
17.4869
17.4869
17.4869
17.4869
17.4869
17.4869
17.4869
17.4869
17.487
17.487
17.487
17.487
17.487
17.487
17.487
17.487
17.487
17.487
17.487
17.487
17.487
17.487
17.487
17.487
17.487
17.487
17.487
17.487
17.487
17.487
17.487
17.487
17.487
17.487
17.487
17.487
17.487
17.487
17.487
17.487
17.487
17.4869
17.4869
17.4869
17.4869
17.4869
17.4869
17.4869
17.4869
17.4869
17.4869
17.4869
17.4869
17.4869
17.4869
17.4869
17.4869
17.4869
17.4869
17.4869
17.4869
17.4869
17.4869
17.4869
17.4869
17.4869
17.4869
17.4869
17.4869
17.4869
17.4869
17.4869
17.4869
17.4869
17.4869
17.4869
17.4868
17.4867
17.4863
17.4856
17.4833
17.4799
17.4697
17.4401
17.368
17.4053
27.589
25.3474
23.5757
22.5006
21.8235
21.1567
20.3826
19.6126
18.8906
18.2196
17.6225
17.1168
16.7179
16.4345
16.2655
16.2011
16.2258
16.323
16.4762
16.6696
16.8882
17.118
17.3472
17.5663
17.769
17.9516
18.1127
18.2524
18.3723
18.4739
18.5595
18.6312
18.691
18.7406
18.7818
18.8158
18.844
18.8673
18.8866
18.9024
18.9154
18.9262
18.9352
18.9426
18.9488
18.9538
18.9579
18.9613
18.964
18.9663
18.9682
18.9697
18.9709
18.9719
18.9727
18.9733
18.9739
18.9743
18.9746
18.9749
18.9751
18.9753
18.9754
18.9755
18.9756
18.9757
18.9757
18.9757
18.9758
18.9758
18.9758
18.9758
18.9758
18.9758
18.9758
18.9758
18.9758
18.9758
18.9758
18.9758
18.9758
18.9758
18.9757
18.9757
18.9757
18.9757
18.9757
18.9757
18.9757
18.9757
18.9757
18.9757
18.9757
18.9757
18.9757
18.9757
18.9757
18.9757
18.9757
18.9757
18.9757
18.9757
18.9757
18.9757
18.9757
18.9757
18.9757
18.9757
18.9757
18.9757
18.9757
18.9757
18.9757
18.9756
18.9756
18.9756
18.9756
18.9756
18.9756
18.9756
18.9756
18.9756
18.9756
18.9756
18.9756
18.9756
18.9756
18.9756
18.9756
18.9756
18.9756
18.9756
18.9756
18.9756
18.9756
18.9756
18.9756
18.9756
18.9756
18.9756
18.9756
18.9756
18.9756
18.9756
18.9756
18.9756
18.9756
18.9756
18.9756
18.9756
18.9756
18.9756
18.9756
18.9756
18.9756
18.9756
18.9756
18.9756
18.9756
18.9756
18.9756
18.9756
18.9756
18.9756
18.9756
18.9756
18.9756
18.9756
18.9756
18.9756
18.9756
18.9756
18.9756
18.9756
18.9756
18.9756
18.9756
18.9756
18.9756
18.9756
18.9756
18.9756
18.9756
18.9756
18.9756
18.9756
18.9756
18.9756
18.9756
18.9756
18.9756
18.9756
18.9756
18.9756
18.9756
18.9756
18.9756
18.9756
18.9756
18.9756
18.9756
18.9756
18.9756
18.9756
18.9756
18.9756
18.9756
18.9756
18.9756
18.9756
18.9756
18.9756
18.9756
18.9756
18.9756
18.9756
18.9756
18.9756
18.9756
18.9756
18.9756
18.9756
18.9756
18.9756
18.9756
18.9756
18.9756
18.9756
18.9756
18.9756
18.9756
18.9756
18.9756
18.9756
18.9756
18.9756
18.9756
18.9756
18.9756
18.9756
18.9756
18.9756
18.9756
18.9756
18.9756
18.9756
18.9756
18.9756
18.9756
18.9756
18.9756
18.9756
18.9756
18.9756
18.9756
18.9756
18.9756
18.9756
18.9756
18.9756
18.9756
18.9756
18.9756
18.9756
18.9756
18.9756
18.9756
18.9756
18.9756
18.9756
18.9756
18.9756
18.9756
18.9756
18.9756
18.9756
18.9756
18.9756
18.9756
18.9756
18.9756
18.9756
18.9756
18.9756
18.9756
18.9756
18.9756
18.9756
18.9756
18.9756
18.9756
18.9756
18.9756
18.9756
18.9756
18.9756
18.9756
18.9756
18.9756
18.9756
18.9756
18.9756
18.9756
18.9756
18.9756
18.9756
18.9756
18.9756
18.9756
18.9756
18.9756
18.9756
18.9756
18.9756
18.9756
18.9756
18.9756
18.9756
18.9756
18.9756
18.9756
18.9756
18.9756
18.9756
18.9756
18.9756
18.9756
18.9756
18.9756
18.9756
18.9756
18.9756
18.9756
18.9756
18.9756
18.9756
18.9756
18.9756
18.9756
18.9756
18.9756
18.9756
18.9756
18.9756
18.9756
18.9756
18.9756
18.9756
18.9756
18.9756
18.9756
18.9756
18.9756
18.9756
18.9756
18.9756
18.9756
18.9756
18.9756
18.9756
18.9756
18.9756
18.9756
18.9756
18.9756
18.9756
18.9756
18.9756
18.9756
18.9756
18.9756
18.9756
18.9756
18.9756
18.9756
18.9756
18.9756
18.9756
18.9756
18.9756
18.9756
18.9756
18.9756
18.9756
18.9756
18.9756
18.9756
18.9756
18.9756
18.9756
18.9756
18.9756
18.9756
18.9756
18.9756
18.9756
18.9756
18.9756
18.9756
18.9756
18.9756
18.9756
18.9756
18.9756
18.9756
18.9756
18.9756
18.9756
18.9756
18.9756
18.9756
18.9756
18.9756
18.9756
18.9756
18.9756
18.9756
18.9756
18.9756
18.9756
18.9756
18.9756
18.9756
18.9756
18.9756
18.9756
18.9756
18.9756
18.9756
18.9756
18.9756
18.9756
18.9756
18.9756
18.9756
18.9756
18.9756
18.9756
18.9756
18.9756
18.9756
18.9756
18.9756
18.9756
18.9756
18.9756
18.9756
18.9756
18.9756
18.9756
18.9756
18.9756
18.9756
18.9756
18.9756
18.9756
18.9756
18.9756
18.9756
18.9756
18.9756
18.9756
18.9756
18.9756
18.9756
18.9756
18.9756
18.9756
18.9756
18.9756
18.9756
18.9756
18.9756
18.9756
18.9756
18.9756
18.9756
18.9756
18.9756
18.9756
18.9756
18.9756
18.9756
18.9756
18.9756
18.9756
18.9756
18.9756
18.9756
18.9756
18.9755
18.9754
18.9751
18.9747
18.9731
18.9718
18.9663
18.9522
18.9108
18.9388
28.6189
26.3111
24.4753
23.3597
22.6457
21.9451
21.1417
20.3489
19.6121
18.9337
18.3362
17.8358
17.445
17.1697
17.0068
16.9455
16.9705
17.0658
17.2156
17.4049
17.6194
17.8463
18.075
18.2969
18.506
18.698
18.8709
19.0239
19.1574
19.2726
19.3712
19.4548
19.5253
19.5846
19.6342
19.6756
19.7101
19.7388
19.7627
19.7825
19.7988
19.8124
19.8237
19.8331
19.841
19.8476
19.853
19.8574
19.8611
19.8641
19.8665
19.8685
19.8702
19.8715
19.8726
19.8735
19.8742
19.8748
19.8753
19.8757
19.876
19.8762
19.8764
19.8765
19.8767
19.8768
19.8768
19.8769
19.8769
19.8769
19.877
19.877
19.877
19.877
19.877
19.877
19.877
19.877
19.877
19.877
19.8769
19.8769
19.8769
19.8769
19.8769
19.8769
19.8769
19.8769
19.8769
19.8769
19.8769
19.8769
19.8769
19.8769
19.8769
19.8769
19.8769
19.8768
19.8768
19.8768
19.8768
19.8768
19.8768
19.8768
19.8768
19.8768
19.8768
19.8768
19.8768
19.8768
19.8768
19.8768
19.8768
19.8768
19.8768
19.8768
19.8768
19.8768
19.8768
19.8768
19.8768
19.8768
19.8768
19.8768
19.8768
19.8768
19.8768
19.8768
19.8768
19.8768
19.8768
19.8768
19.8768
19.8768
19.8768
19.8768
19.8768
19.8768
19.8768
19.8768
19.8768
19.8768
19.8768
19.8768
19.8768
19.8768
19.8768
19.8768
19.8768
19.8768
19.8768
19.8768
19.8768
19.8768
19.8768
19.8768
19.8768
19.8768
19.8768
19.8768
19.8768
19.8768
19.8768
19.8768
19.8768
19.8768
19.8768
19.8768
19.8768
19.8768
19.8768
19.8768
19.8768
19.8768
19.8768
19.8768
19.8768
19.8768
19.8768
19.8768
19.8768
19.8768
19.8768
19.8768
19.8768
19.8768
19.8768
19.8768
19.8768
19.8768
19.8768
19.8768
19.8768
19.8768
19.8768
19.8768
19.8768
19.8768
19.8768
19.8768
19.8768
19.8768
19.8768
19.8767
19.8767
19.8767
19.8767
19.8767
19.8767
19.8767
19.8767
19.8767
19.8767
19.8767
19.8767
19.8767
19.8768
19.8768
19.8768
19.8768
19.8768
19.8768
19.8768
19.8768
19.8768
19.8767
19.8767
19.8767
19.8767
19.8767
19.8767
19.8767
19.8767
19.8767
19.8767
19.8767
19.8767
19.8767
19.8767
19.8767
19.8767
19.8767
19.8767
19.8767
19.8767
19.8767
19.8767
19.8767
19.8767
19.8767
19.8767
19.8767
19.8767
19.8767
19.8767
19.8767
19.8767
19.8767
19.8767
19.8767
19.8767
19.8767
19.8768
19.8768
19.8768
19.8768
19.8768
19.8768
19.8768
19.8768
19.8768
19.8768
19.8768
19.8768
19.8768
19.8768
19.8768
19.8768
19.8768
19.8768
19.8768
19.8768
19.8768
19.8768
19.8768
19.8768
19.8768
19.8767
19.8767
19.8767
19.8767
19.8767
19.8767
19.8767
19.8767
19.8767
19.8767
19.8767
19.8767
19.8767
19.8767
19.8767
19.8767
19.8767
19.8767
19.8767
19.8767
19.8767
19.8767
19.8767
19.8767
19.8767
19.8767
19.8767
19.8768
19.8768
19.8768
19.8768
19.8768
19.8768
19.8768
19.8768
19.8768
19.8768
19.8768
19.8768
19.8768
19.8768
19.8768
19.8768
19.8768
19.8768
19.8768
19.8768
19.8768
19.8768
19.8768
19.8768
19.8768
19.8768
19.8768
19.8768
19.8768
19.8768
19.8768
19.8768
19.8768
19.8768
19.8768
19.8768
19.8768
19.8768
19.8768
19.8768
19.8768
19.8768
19.8768
19.8768
19.8768
19.8768
19.8768
19.8768
19.8768
19.8768
19.8768
19.8768
19.8768
19.8768
19.8768
19.8768
19.8768
19.8768
19.8768
19.8768
19.8768
19.8768
19.8768
19.8768
19.8768
19.8768
19.8768
19.8768
19.8768
19.8768
19.8768
19.8768
19.8768
19.8768
19.8768
19.8768
19.8768
19.8768
19.8768
19.8768
19.8768
19.8768
19.8768
19.8768
19.8768
19.8768
19.8768
19.8768
19.8768
19.8768
19.8768
19.8768
19.8768
19.8768
19.8768
19.8768
19.8768
19.8768
19.8768
19.8768
19.8768
19.8768
19.8768
19.8768
19.8768
19.8768
19.8768
19.8768
19.8768
19.8768
19.8768
19.8768
19.8768
19.8768
19.8768
19.8768
19.8768
19.8768
19.8768
19.8768
19.8768
19.8768
19.8768
19.8768
19.8768
19.8768
19.8768
19.8768
19.8768
19.8768
19.8768
19.8768
19.8768
19.8768
19.8768
19.8768
19.8768
19.8768
19.8768
19.8768
19.8768
19.8768
19.8768
19.8768
19.8768
19.8768
19.8768
19.8768
19.8768
19.8768
19.8768
19.8768
19.8768
19.8768
19.8768
19.8768
19.8768
19.8768
19.8768
19.8768
19.8768
19.8768
19.8768
19.8768
19.8768
19.8768
19.8768
19.8768
19.8768
19.8768
19.8768
19.8768
19.8768
19.8768
19.8768
19.8768
19.8767
19.8767
19.8766
19.8765
19.8755
19.8757
19.8728
19.8635
19.8463
19.8666
28.6189
26.3111
24.4753
23.3597
22.6457
21.9451
21.1417
20.3489
19.6121
18.9337
18.3362
17.8358
17.445
17.1697
17.0068
16.9455
16.9705
17.0658
17.2156
17.4049
17.6194
17.8463
18.075
18.2969
18.506
18.698
18.8709
19.0239
19.1574
19.2726
19.3712
19.4548
19.5253
19.5846
19.6342
19.6756
19.7101
19.7388
19.7627
19.7825
19.7988
19.8124
19.8237
19.8331
19.841
19.8476
19.853
19.8574
19.8611
19.8641
19.8665
19.8685
19.8702
19.8715
19.8726
19.8735
19.8742
19.8748
19.8753
19.8757
19.876
19.8762
19.8764
19.8765
19.8767
19.8768
19.8768
19.8769
19.8769
19.8769
19.877
19.877
19.877
19.877
19.877
19.877
19.877
19.877
19.877
19.877
19.8769
19.8769
19.8769
19.8769
19.8769
19.8769
19.8769
19.8769
19.8769
19.8769
19.8769
19.8769
19.8769
19.8769
19.8769
19.8769
19.8769
19.8768
19.8768
19.8768
19.8768
19.8768
19.8768
19.8768
19.8768
19.8768
19.8768
19.8768
19.8768
19.8768
19.8768
19.8768
19.8768
19.8768
19.8768
19.8768
19.8768
19.8768
19.8768
19.8768
19.8768
19.8768
19.8768
19.8768
19.8768
19.8768
19.8768
19.8768
19.8768
19.8768
19.8768
19.8768
19.8768
19.8768
19.8768
19.8768
19.8768
19.8768
19.8768
19.8768
19.8768
19.8768
19.8768
19.8768
19.8768
19.8768
19.8768
19.8768
19.8768
19.8768
19.8768
19.8768
19.8768
19.8768
19.8768
19.8768
19.8768
19.8768
19.8768
19.8768
19.8768
19.8768
19.8768
19.8768
19.8768
19.8768
19.8768
19.8768
19.8768
19.8768
19.8768
19.8768
19.8768
19.8768
19.8768
19.8768
19.8768
19.8768
19.8768
19.8768
19.8768
19.8768
19.8768
19.8768
19.8768
19.8768
19.8768
19.8768
19.8768
19.8768
19.8768
19.8768
19.8768
19.8768
19.8768
19.8768
19.8768
19.8768
19.8768
19.8768
19.8768
19.8768
19.8768
19.8767
19.8767
19.8767
19.8767
19.8767
19.8767
19.8767
19.8767
19.8767
19.8767
19.8767
19.8767
19.8767
19.8768
19.8768
19.8768
19.8768
19.8768
19.8768
19.8768
19.8767
19.8768
19.8767
19.8767
19.8767
19.8767
19.8767
19.8767
19.8767
19.8767
19.8767
19.8767
19.8767
19.8767
19.8767
19.8767
19.8767
19.8767
19.8767
19.8767
19.8767
19.8767
19.8767
19.8767
19.8767
19.8767
19.8767
19.8767
19.8767
19.8767
19.8767
19.8767
19.8767
19.8767
19.8767
19.8767
19.8767
19.8767
19.8767
19.8768
19.8768
19.8768
19.8768
19.8768
19.8768
19.8768
19.8768
19.8768
19.8768
19.8768
19.8768
19.8768
19.8768
19.8768
19.8768
19.8768
19.8768
19.8768
19.8768
19.8768
19.8768
19.8768
19.8768
19.8768
19.8767
19.8767
19.8767
19.8767
19.8767
19.8767
19.8767
19.8767
19.8767
19.8767
19.8767
19.8767
19.8767
19.8767
19.8767
19.8767
19.8767
19.8767
19.8767
19.8767
19.8767
19.8767
19.8767
19.8767
19.8767
19.8767
19.8767
19.8767
19.8768
19.8768
19.8768
19.8768
19.8768
19.8768
19.8768
19.8768
19.8768
19.8768
19.8768
19.8768
19.8768
19.8768
19.8768
19.8768
19.8768
19.8768
19.8768
19.8768
19.8768
19.8768
19.8768
19.8768
19.8768
19.8768
19.8768
19.8768
19.8768
19.8768
19.8768
19.8768
19.8768
19.8768
19.8768
19.8768
19.8768
19.8768
19.8768
19.8768
19.8768
19.8768
19.8768
19.8768
19.8768
19.8768
19.8768
19.8768
19.8768
19.8768
19.8768
19.8768
19.8768
19.8768
19.8768
19.8768
19.8768
19.8768
19.8768
19.8768
19.8768
19.8768
19.8768
19.8768
19.8768
19.8768
19.8768
19.8768
19.8768
19.8768
19.8768
19.8768
19.8768
19.8768
19.8768
19.8768
19.8768
19.8768
19.8768
19.8768
19.8768
19.8768
19.8768
19.8768
19.8768
19.8768
19.8768
19.8768
19.8768
19.8768
19.8768
19.8768
19.8768
19.8768
19.8768
19.8768
19.8768
19.8768
19.8768
19.8768
19.8768
19.8768
19.8768
19.8768
19.8768
19.8768
19.8768
19.8768
19.8768
19.8768
19.8768
19.8768
19.8768
19.8768
19.8768
19.8768
19.8768
19.8768
19.8768
19.8768
19.8768
19.8768
19.8768
19.8768
19.8768
19.8768
19.8768
19.8768
19.8768
19.8768
19.8768
19.8768
19.8768
19.8768
19.8768
19.8768
19.8768
19.8768
19.8768
19.8768
19.8768
19.8768
19.8768
19.8768
19.8768
19.8768
19.8768
19.8768
19.8768
19.8768
19.8768
19.8768
19.8768
19.8768
19.8768
19.8768
19.8768
19.8768
19.8768
19.8768
19.8768
19.8768
19.8768
19.8768
19.8768
19.8768
19.8768
19.8768
19.8768
19.8768
19.8768
19.8768
19.8768
19.8768
19.8768
19.8767
19.8767
19.8766
19.8765
19.8755
19.8757
19.8729
19.8635
19.8463
19.8667
27.589
25.3474
23.5757
22.5006
21.8235
21.1567
20.3826
19.6126
18.8906
18.2196
17.6225
17.1168
16.7179
16.4345
16.2655
16.2011
16.2258
16.323
16.4762
16.6696
16.8882
17.118
17.3472
17.5663
17.769
17.9516
18.1126
18.2524
18.3723
18.4739
18.5595
18.6312
18.691
18.7406
18.7818
18.8158
18.844
18.8673
18.8866
18.9024
18.9154
18.9262
18.9352
18.9426
18.9488
18.9538
18.9579
18.9613
18.964
18.9663
18.9682
18.9697
18.9709
18.9719
18.9727
18.9733
18.9739
18.9743
18.9746
18.9749
18.9751
18.9753
18.9754
18.9755
18.9756
18.9757
18.9757
18.9757
18.9758
18.9758
18.9758
18.9758
18.9758
18.9758
18.9758
18.9758
18.9758
18.9758
18.9758
18.9758
18.9758
18.9758
18.9757
18.9757
18.9757
18.9757
18.9757
18.9757
18.9757
18.9757
18.9757
18.9757
18.9757
18.9757
18.9757
18.9757
18.9757
18.9757
18.9757
18.9757
18.9757
18.9757
18.9757
18.9757
18.9757
18.9757
18.9757
18.9757
18.9757
18.9757
18.9757
18.9756
18.9756
18.9756
18.9756
18.9756
18.9756
18.9756
18.9756
18.9756
18.9756
18.9756
18.9756
18.9756
18.9756
18.9756
18.9756
18.9756
18.9756
18.9756
18.9756
18.9756
18.9756
18.9756
18.9756
18.9756
18.9756
18.9756
18.9756
18.9756
18.9756
18.9756
18.9756
18.9756
18.9756
18.9756
18.9756
18.9756
18.9756
18.9756
18.9756
18.9756
18.9756
18.9756
18.9756
18.9756
18.9756
18.9756
18.9756
18.9756
18.9756
18.9756
18.9756
18.9756
18.9756
18.9756
18.9756
18.9756
18.9756
18.9756
18.9756
18.9756
18.9756
18.9756
18.9756
18.9756
18.9756
18.9756
18.9756
18.9756
18.9756
18.9756
18.9756
18.9756
18.9756
18.9756
18.9756
18.9756
18.9756
18.9756
18.9756
18.9756
18.9756
18.9756
18.9756
18.9756
18.9756
18.9756
18.9756
18.9756
18.9756
18.9756
18.9756
18.9756
18.9756
18.9756
18.9756
18.9756
18.9756
18.9756
18.9756
18.9756
18.9756
18.9756
18.9756
18.9756
18.9756
18.9756
18.9756
18.9756
18.9756
18.9756
18.9756
18.9756
18.9756
18.9756
18.9756
18.9756
18.9756
18.9756
18.9756
18.9756
18.9756
18.9756
18.9756
18.9756
18.9756
18.9756
18.9756
18.9756
18.9756
18.9756
18.9756
18.9756
18.9756
18.9756
18.9756
18.9755
18.9755
18.9755
18.9755
18.9755
18.9755
18.9756
18.9756
18.9756
18.9756
18.9756
18.9756
18.9756
18.9756
18.9756
18.9756
18.9756
18.9756
18.9756
18.9756
18.9756
18.9756
18.9756
18.9756
18.9756
18.9756
18.9756
18.9756
18.9756
18.9756
18.9756
18.9756
18.9756
18.9756
18.9756
18.9756
18.9756
18.9756
18.9756
18.9756
18.9756
18.9756
18.9756
18.9756
18.9756
18.9756
18.9756
18.9756
18.9756
18.9756
18.9756
18.9756
18.9756
18.9756
18.9756
18.9756
18.9756
18.9756
18.9756
18.9756
18.9756
18.9756
18.9756
18.9756
18.9756
18.9756
18.9756
18.9756
18.9756
18.9756
18.9756
18.9756
18.9756
18.9756
18.9756
18.9756
18.9756
18.9756
18.9756
18.9756
18.9756
18.9756
18.9756
18.9756
18.9756
18.9756
18.9756
18.9756
18.9756
18.9756
18.9756
18.9756
18.9756
18.9756
18.9756
18.9756
18.9756
18.9756
18.9756
18.9756
18.9756
18.9756
18.9756
18.9756
18.9756
18.9756
18.9756
18.9756
18.9756
18.9756
18.9756
18.9756
18.9756
18.9756
18.9756
18.9756
18.9756
18.9756
18.9756
18.9756
18.9756
18.9756
18.9756
18.9756
18.9756
18.9756
18.9756
18.9756
18.9756
18.9756
18.9756
18.9756
18.9756
18.9756
18.9756
18.9756
18.9756
18.9756
18.9756
18.9756
18.9756
18.9756
18.9756
18.9756
18.9756
18.9756
18.9756
18.9756
18.9756
18.9756
18.9756
18.9756
18.9756
18.9756
18.9756
18.9756
18.9756
18.9756
18.9756
18.9756
18.9756
18.9756
18.9756
18.9756
18.9756
18.9756
18.9756
18.9756
18.9756
18.9756
18.9756
18.9756
18.9756
18.9756
18.9756
18.9756
18.9756
18.9756
18.9756
18.9756
18.9756
18.9756
18.9756
18.9756
18.9756
18.9756
18.9756
18.9756
18.9756
18.9756
18.9756
18.9756
18.9756
18.9756
18.9756
18.9756
18.9756
18.9756
18.9756
18.9756
18.9756
18.9756
18.9756
18.9756
18.9756
18.9756
18.9756
18.9756
18.9756
18.9756
18.9756
18.9756
18.9756
18.9756
18.9756
18.9756
18.9756
18.9756
18.9756
18.9756
18.9756
18.9756
18.9756
18.9756
18.9756
18.9756
18.9756
18.9756
18.9756
18.9756
18.9756
18.9756
18.9756
18.9756
18.9756
18.9756
18.9756
18.9756
18.9756
18.9756
18.9756
18.9756
18.9756
18.9755
18.9754
18.9751
18.9747
18.9731
18.9718
18.9663
18.9522
18.9108
18.9389
25.718
23.5985
21.9386
20.935
20.3288
19.7315
19.0196
18.2994
17.6133
16.9655
16.3798
15.8763
15.474
15.1856
15.0126
14.946
14.9721
15.0753
15.2383
15.4428
15.6714
15.9054
16.1307
16.3383
16.5235
16.6848
16.8228
16.9394
17.0369
17.1178
17.1847
17.2398
17.2851
17.3221
17.3525
17.3774
17.3977
17.4143
17.4279
17.4389
17.448
17.4555
17.4616
17.4665
17.4705
17.4738
17.4764
17.4786
17.4803
17.4817
17.4829
17.4838
17.4845
17.4851
17.4856
17.4859
17.4862
17.4865
17.4866
17.4868
17.4869
17.487
17.487
17.4871
17.4871
17.4871
17.4872
17.4872
17.4872
17.4872
17.4872
17.4872
17.4872
17.4872
17.4871
17.4871
17.4871
17.4871
17.4871
17.4871
17.4871
17.4871
17.4871
17.4871
17.4871
17.4871
17.4871
17.4871
17.4871
17.4871
17.4871
17.487
17.487
17.487
17.487
17.487
17.487
17.487
17.487
17.487
17.487
17.487
17.487
17.487
17.487
17.487
17.487
17.487
17.487
17.487
17.487
17.487
17.487
17.487
17.487
17.487
17.487
17.487
17.487
17.487
17.487
17.487
17.487
17.487
17.487
17.487
17.487
17.487
17.487
17.487
17.487
17.487
17.487
17.487
17.487
17.487
17.487
17.487
17.487
17.487
17.487
17.487
17.4869
17.4869
17.4869
17.4869
17.4869
17.4869
17.4869
17.4869
17.4869
17.4869
17.4869
17.4869
17.4869
17.4869
17.4869
17.4869
17.4869
17.4869
17.4869
17.4869
17.4869
17.4869
17.4869
17.4869
17.4869
17.4869
17.4869
17.4869
17.4869
17.4869
17.4869
17.4869
17.4869
17.4869
17.4869
17.4869
17.4869
17.4869
17.4869
17.4869
17.4869
17.4869
17.4869
17.4869
17.4869
17.4869
17.4869
17.4869
17.4869
17.4869
17.4869
17.4869
17.4869
17.4869
17.4869
17.4869
17.4869
17.4869
17.4869
17.4869
17.4869
17.4869
17.4869
17.4869
17.4869
17.4869
17.4869
17.4869
17.4869
17.4869
17.4869
17.4869
17.4869
17.4869
17.4869
17.4869
17.4869
17.4869
17.4869
17.4869
17.4869
17.4869
17.4869
17.4869
17.4869
17.4869
17.4869
17.4869
17.4869
17.4869
17.4869
17.4869
17.4869
17.4869
17.4869
17.4869
17.4869
17.4869
17.4869
17.4869
17.4869
17.4869
17.4869
17.4869
17.4869
17.4869
17.4869
17.4869
17.4869
17.4869
17.4869
17.4869
17.4869
17.4869
17.4869
17.4869
17.4869
17.4869
17.4869
17.4869
17.4869
17.4869
17.4869
17.4869
17.4869
17.4869
17.4869
17.4869
17.4869
17.4869
17.4869
17.4869
17.4869
17.4869
17.4869
17.4869
17.4869
17.4869
17.4869
17.4869
17.4869
17.4869
17.4869
17.4869
17.4869
17.4869
17.4869
17.4869
17.4869
17.4869
17.4869
17.4869
17.4869
17.4869
17.4869
17.4869
17.4869
17.4869
17.4869
17.4869
17.4869
17.4869
17.4869
17.4869
17.4869
17.4869
17.4869
17.4869
17.4869
17.4869
17.4869
17.4869
17.4869
17.4869
17.4869
17.4869
17.4869
17.4869
17.4869
17.4869
17.4869
17.4869
17.4869
17.4869
17.4869
17.4869
17.4869
17.4869
17.4869
17.4869
17.4869
17.4869
17.4869
17.4869
17.4869
17.4869
17.4869
17.4869
17.4869
17.4869
17.4869
17.4869
17.4869
17.4869
17.4869
17.4869
17.4869
17.4869
17.4869
17.4869
17.4869
17.4869
17.4869
17.4869
17.4869
17.4869
17.4869
17.4869
17.4869
17.4869
17.4869
17.4869
17.4869
17.4869
17.4869
17.4869
17.4869
17.4869
17.4869
17.4869
17.4869
17.4869
17.4869
17.4869
17.4869
17.4869
17.4869
17.4869
17.4869
17.4869
17.4869
17.4869
17.4869
17.4869
17.4869
17.4869
17.4869
17.4869
17.4869
17.4869
17.4869
17.4869
17.4869
17.4869
17.4869
17.4869
17.4869
17.4869
17.4869
17.4869
17.4869
17.4869
17.4869
17.4869
17.4869
17.4869
17.4869
17.4869
17.4869
17.4869
17.4869
17.4869
17.4869
17.4869
17.4869
17.4869
17.4869
17.4869
17.4869
17.4869
17.487
17.487
17.487
17.487
17.487
17.487
17.487
17.487
17.487
17.487
17.487
17.487
17.487
17.487
17.487
17.487
17.487
17.487
17.487
17.487
17.487
17.487
17.487
17.487
17.487
17.487
17.487
17.487
17.487
17.487
17.487
17.487
17.487
17.487
17.4869
17.4869
17.4869
17.4869
17.4869
17.4869
17.4869
17.4869
17.4869
17.4869
17.4869
17.4869
17.4869
17.4869
17.4869
17.4869
17.4869
17.4869
17.4869
17.4869
17.4869
17.4869
17.4869
17.4869
17.4869
17.4869
17.4869
17.4869
17.4869
17.4869
17.4869
17.4869
17.4869
17.4869
17.4868
17.4867
17.4863
17.4856
17.4833
17.4799
17.4697
17.4401
17.368
17.4053
25.718
23.5985
21.9386
20.935
20.3288
19.7315
19.0196
18.2994
17.6133
16.9655
16.3798
15.8763
15.474
15.1856
15.0126
14.946
14.9721
15.0753
15.2383
15.4428
15.6714
15.9054
16.1307
16.3383
16.5235
16.6848
16.8228
16.9394
17.0369
17.1178
17.1848
17.2398
17.2851
17.3221
17.3525
17.3774
17.3977
17.4143
17.4279
17.4389
17.448
17.4555
17.4616
17.4665
17.4705
17.4738
17.4764
17.4786
17.4803
17.4817
17.4829
17.4838
17.4845
17.4851
17.4856
17.4859
17.4862
17.4865
17.4866
17.4868
17.4869
17.487
17.487
17.4871
17.4871
17.4871
17.4872
17.4872
17.4872
17.4872
17.4872
17.4872
17.4872
17.4872
17.4871
17.4871
17.4871
17.4871
17.4871
17.4871
17.4871
17.4871
17.4871
17.4871
17.4871
17.4871
17.4871
17.4871
17.4871
17.4871
17.4871
17.487
17.487
17.487
17.487
17.487
17.487
17.487
17.487
17.487
17.487
17.487
17.487
17.487
17.487
17.487
17.487
17.487
17.487
17.487
17.487
17.487
17.487
17.487
17.487
17.487
17.487
17.487
17.487
17.487
17.487
17.487
17.487
17.487
17.487
17.487
17.487
17.487
17.487
17.487
17.487
17.487
17.487
17.487
17.487
17.487
17.487
17.487
17.487
17.487
17.487
17.4869
17.4869
17.4869
17.4869
17.4869
17.4869
17.4869
17.4869
17.4869
17.4869
17.4869
17.4869
17.4869
17.4869
17.4869
17.4869
17.4869
17.4869
17.4869
17.4869
17.4869
17.4869
17.4869
17.4869
17.4869
17.4869
17.4869
17.4869
17.4869
17.4869
17.4869
17.4869
17.4869
17.4869
17.4869
17.4869
17.4869
17.4869
17.4869
17.4869
17.4869
17.4869
17.4869
17.4869
17.4869
17.4869
17.4869
17.4869
17.4869
17.4869
17.4869
17.4869
17.4869
17.4869
17.4869
17.4869
17.4869
17.4869
17.4869
17.4869
17.4869
17.4869
17.4869
17.4869
17.4869
17.4869
17.4869
17.4869
17.4869
17.4869
17.4869
17.4869
17.4869
17.4869
17.4869
17.4869
17.4869
17.4869
17.4869
17.4869
17.4869
17.4869
17.4869
17.4869
17.4869
17.4869
17.4869
17.4869
17.4869
17.4869
17.4869
17.4869
17.4869
17.4869
17.4869
17.4869
17.4869
17.4869
17.4869
17.4869
17.4869
17.4869
17.4869
17.4869
17.4869
17.4869
17.4869
17.4869
17.4869
17.4869
17.4869
17.4869
17.4869
17.4869
17.4869
17.4869
17.4869
17.4869
17.4869
17.4869
17.4869
17.4869
17.4869
17.4869
17.4869
17.4869
17.4869
17.4869
17.4869
17.4869
17.4869
17.4869
17.4869
17.4869
17.4869
17.4869
17.4869
17.4869
17.4869
17.4869
17.4869
17.4869
17.4869
17.4869
17.4869
17.4869
17.4869
17.4869
17.4869
17.4869
17.4869
17.4869
17.4869
17.4869
17.4869
17.4869
17.4869
17.4869
17.4869
17.4869
17.4869
17.4869
17.4869
17.4869
17.4869
17.4869
17.4869
17.4869
17.4869
17.4869
17.4869
17.4869
17.4869
17.4869
17.4869
17.4869
17.4869
17.4869
17.4869
17.4869
17.4869
17.4869
17.4869
17.4869
17.4869
17.4869
17.4869
17.4869
17.4869
17.4869
17.4869
17.4869
17.4869
17.4869
17.4869
17.4869
17.4869
17.4869
17.4869
17.4869
17.4869
17.4869
17.4869
17.4869
17.4869
17.4869
17.4869
17.4869
17.4869
17.4869
17.4869
17.4869
17.4869
17.4869
17.4869
17.4869
17.4869
17.4869
17.4869
17.4869
17.4869
17.4869
17.4869
17.4869
17.4869
17.4869
17.4869
17.4869
17.4869
17.4869
17.4869
17.4869
17.4869
17.4869
17.4869
17.4869
17.4869
17.4869
17.4869
17.4869
17.4869
17.4869
17.4869
17.4869
17.4869
17.4869
17.4869
17.4869
17.4869
17.4869
17.4869
17.4869
17.4869
17.4869
17.4869
17.4869
17.4869
17.4869
17.4869
17.4869
17.4869
17.4869
17.4869
17.4869
17.4869
17.4869
17.4869
17.4869
17.4869
17.4869
17.4869
17.4869
17.4869
17.4869
17.4869
17.4869
17.4869
17.4869
17.4869
17.4869
17.4869
17.487
17.487
17.487
17.487
17.487
17.487
17.487
17.487
17.487
17.487
17.487
17.487
17.487
17.487
17.487
17.487
17.487
17.487
17.487
17.487
17.487
17.487
17.487
17.487
17.487
17.487
17.487
17.487
17.487
17.487
17.487
17.487
17.487
17.487
17.4869
17.4869
17.4869
17.4869
17.4869
17.4869
17.4869
17.4869
17.4869
17.4869
17.4869
17.4869
17.4869
17.4869
17.4869
17.4869
17.4869
17.4869
17.4869
17.4869
17.4869
17.4869
17.4869
17.4869
17.4869
17.4869
17.4869
17.4869
17.4869
17.4869
17.4869
17.4869
17.4869
17.4869
17.4868
17.4867
17.4863
17.4856
17.4833
17.4799
17.4697
17.4401
17.368
17.4053
27.589
25.3474
23.5757
22.5006
21.8235
21.1567
20.3826
19.6126
18.8906
18.2196
17.6225
17.1168
16.7179
16.4345
16.2655
16.201
16.2258
16.323
16.4762
16.6696
16.8882
17.118
17.3472
17.5663
17.769
17.9516
18.1127
18.2525
18.3723
18.4739
18.5595
18.6312
18.691
18.7406
18.7818
18.8158
18.844
18.8673
18.8866
18.9024
18.9154
18.9262
18.9352
18.9426
18.9488
18.9538
18.9579
18.9613
18.9641
18.9663
18.9682
18.9697
18.9709
18.9719
18.9727
18.9733
18.9739
18.9743
18.9746
18.9749
18.9751
18.9753
18.9754
18.9755
18.9756
18.9757
18.9757
18.9757
18.9758
18.9758
18.9758
18.9758
18.9758
18.9758
18.9758
18.9758
18.9758
18.9758
18.9758
18.9758
18.9758
18.9758
18.9758
18.9757
18.9757
18.9757
18.9757
18.9757
18.9757
18.9757
18.9757
18.9757
18.9757
18.9757
18.9757
18.9757
18.9757
18.9757
18.9757
18.9757
18.9757
18.9757
18.9757
18.9757
18.9757
18.9757
18.9757
18.9757
18.9757
18.9757
18.9757
18.9757
18.9756
18.9756
18.9756
18.9756
18.9756
18.9756
18.9756
18.9756
18.9756
18.9756
18.9756
18.9756
18.9756
18.9756
18.9756
18.9756
18.9756
18.9756
18.9756
18.9756
18.9756
18.9756
18.9756
18.9756
18.9756
18.9756
18.9756
18.9756
18.9756
18.9756
18.9756
18.9756
18.9756
18.9756
18.9756
18.9756
18.9756
18.9756
18.9756
18.9756
18.9756
18.9756
18.9756
18.9756
18.9756
18.9756
18.9756
18.9756
18.9756
18.9756
18.9756
18.9756
18.9756
18.9756
18.9756
18.9756
18.9756
18.9756
18.9756
18.9756
18.9756
18.9756
18.9756
18.9756
18.9756
18.9756
18.9756
18.9756
18.9756
18.9756
18.9756
18.9756
18.9756
18.9756
18.9756
18.9756
18.9756
18.9756
18.9756
18.9756
18.9756
18.9756
18.9756
18.9756
18.9756
18.9756
18.9756
18.9756
18.9756
18.9756
18.9756
18.9756
18.9756
18.9756
18.9756
18.9756
18.9756
18.9756
18.9756
18.9756
18.9756
18.9756
18.9756
18.9756
18.9756
18.9756
18.9756
18.9756
18.9756
18.9756
18.9756
18.9756
18.9756
18.9756
18.9756
18.9756
18.9756
18.9756
18.9756
18.9756
18.9756
18.9756
18.9756
18.9756
18.9756
18.9756
18.9756
18.9756
18.9756
18.9756
18.9756
18.9756
18.9756
18.9755
18.9755
18.9755
18.9755
18.9755
18.9755
18.9755
18.9755
18.9755
18.9756
18.9756
18.9756
18.9756
18.9756
18.9756
18.9756
18.9756
18.9756
18.9756
18.9756
18.9756
18.9756
18.9756
18.9756
18.9756
18.9756
18.9756
18.9756
18.9756
18.9756
18.9756
18.9756
18.9756
18.9756
18.9756
18.9756
18.9756
18.9756
18.9756
18.9756
18.9756
18.9756
18.9756
18.9756
18.9756
18.9756
18.9756
18.9756
18.9756
18.9756
18.9756
18.9756
18.9756
18.9756
18.9756
18.9756
18.9756
18.9756
18.9756
18.9756
18.9756
18.9756
18.9756
18.9756
18.9756
18.9756
18.9756
18.9756
18.9756
18.9756
18.9756
18.9756
18.9756
18.9756
18.9756
18.9756
18.9756
18.9756
18.9756
18.9756
18.9756
18.9756
18.9756
18.9756
18.9756
18.9756
18.9756
18.9756
18.9756
18.9756
18.9756
18.9756
18.9756
18.9756
18.9756
18.9756
18.9756
18.9756
18.9756
18.9756
18.9756
18.9756
18.9756
18.9756
18.9756
18.9756
18.9756
18.9756
18.9756
18.9756
18.9756
18.9756
18.9756
18.9756
18.9756
18.9756
18.9756
18.9756
18.9756
18.9756
18.9756
18.9756
18.9756
18.9756
18.9756
18.9756
18.9756
18.9756
18.9756
18.9756
18.9756
18.9756
18.9756
18.9756
18.9756
18.9756
18.9756
18.9756
18.9756
18.9756
18.9756
18.9756
18.9756
18.9756
18.9756
18.9756
18.9756
18.9756
18.9756
18.9756
18.9756
18.9756
18.9756
18.9756
18.9756
18.9756
18.9756
18.9756
18.9756
18.9756
18.9756
18.9756
18.9756
18.9756
18.9756
18.9756
18.9756
18.9756
18.9756
18.9756
18.9756
18.9756
18.9756
18.9756
18.9756
18.9756
18.9756
18.9756
18.9756
18.9756
18.9756
18.9756
18.9756
18.9756
18.9756
18.9756
18.9756
18.9756
18.9756
18.9756
18.9756
18.9756
18.9756
18.9756
18.9756
18.9756
18.9756
18.9756
18.9756
18.9756
18.9756
18.9756
18.9756
18.9756
18.9756
18.9756
18.9756
18.9756
18.9756
18.9756
18.9756
18.9756
18.9756
18.9756
18.9756
18.9756
18.9756
18.9756
18.9756
18.9756
18.9756
18.9756
18.9756
18.9756
18.9756
18.9756
18.9756
18.9756
18.9756
18.9756
18.9756
18.9756
18.9756
18.9756
18.9756
18.9756
18.9756
18.9756
18.9756
18.9756
18.9756
18.9756
18.9756
18.9756
18.9756
18.9755
18.9754
18.9751
18.9747
18.9731
18.9718
18.9663
18.9522
18.9108
18.9389
28.6189
26.3111
24.4753
23.3597
22.6457
21.9451
21.1417
20.3489
19.6121
18.9337
18.3362
17.8358
17.445
17.1697
17.0068
16.9455
16.9705
17.0658
17.2156
17.4049
17.6194
17.8463
18.075
18.2969
18.506
18.698
18.8709
19.0239
19.1574
19.2726
19.3712
19.4548
19.5253
19.5846
19.6342
19.6756
19.7101
19.7388
19.7627
19.7825
19.7989
19.8124
19.8237
19.8331
19.841
19.8476
19.853
19.8574
19.8611
19.8641
19.8665
19.8685
19.8702
19.8715
19.8726
19.8735
19.8742
19.8748
19.8753
19.8757
19.876
19.8762
19.8764
19.8765
19.8767
19.8768
19.8768
19.8769
19.8769
19.8769
19.877
19.877
19.877
19.877
19.877
19.877
19.877
19.877
19.877
19.877
19.8769
19.8769
19.8769
19.8769
19.8769
19.8769
19.8769
19.8769
19.8769
19.8769
19.8769
19.8769
19.8769
19.8769
19.8769
19.8769
19.8769
19.8769
19.8768
19.8768
19.8768
19.8768
19.8768
19.8768
19.8768
19.8768
19.8768
19.8768
19.8768
19.8768
19.8768
19.8768
19.8768
19.8768
19.8768
19.8768
19.8768
19.8768
19.8768
19.8768
19.8768
19.8768
19.8768
19.8768
19.8768
19.8768
19.8768
19.8768
19.8768
19.8768
19.8768
19.8768
19.8768
19.8768
19.8768
19.8768
19.8768
19.8768
19.8768
19.8768
19.8768
19.8768
19.8768
19.8768
19.8768
19.8768
19.8768
19.8768
19.8768
19.8768
19.8768
19.8768
19.8768
19.8768
19.8768
19.8768
19.8768
19.8768
19.8768
19.8768
19.8768
19.8768
19.8768
19.8768
19.8768
19.8768
19.8768
19.8768
19.8768
19.8768
19.8768
19.8768
19.8768
19.8768
19.8768
19.8768
19.8768
19.8768
19.8768
19.8768
19.8768
19.8768
19.8768
19.8767
19.8767
19.8767
19.8768
19.8768
19.8768
19.8768
19.8768
19.8768
19.8768
19.8768
19.8768
19.8768
19.8768
19.8768
19.8768
19.8768
19.8768
19.8767
19.8767
19.8767
19.8767
19.8767
19.8767
19.8767
19.8767
19.8767
19.8767
19.8767
19.8767
19.8767
19.8767
19.8767
19.8767
19.8767
19.8767
19.8767
19.8767
19.8767
19.8767
19.8767
19.8767
19.8767
19.8767
19.8767
19.8767
19.8767
19.8767
19.8767
19.8767
19.8767
19.8767
19.8767
19.8767
19.8767
19.8767
19.8767
19.8767
19.8767
19.8767
19.8767
19.8767
19.8767
19.8767
19.8767
19.8767
19.8767
19.8767
19.8767
19.8767
19.8767
19.8767
19.8767
19.8767
19.8767
19.8767
19.8767
19.8767
19.8767
19.8767
19.8767
19.8768
19.8768
19.8768
19.8768
19.8768
19.8768
19.8768
19.8768
19.8768
19.8768
19.8768
19.8768
19.8768
19.8768
19.8768
19.8768
19.8768
19.8768
19.8768
19.8768
19.8768
19.8768
19.8768
19.8768
19.8768
19.8767
19.8767
19.8767
19.8767
19.8767
19.8767
19.8767
19.8767
19.8767
19.8767
19.8767
19.8767
19.8767
19.8767
19.8767
19.8767
19.8767
19.8767
19.8767
19.8767
19.8767
19.8767
19.8767
19.8767
19.8767
19.8767
19.8767
19.8767
19.8767
19.8768
19.8768
19.8768
19.8768
19.8768
19.8768
19.8768
19.8768
19.8768
19.8768
19.8768
19.8768
19.8768
19.8768
19.8768
19.8768
19.8768
19.8768
19.8768
19.8768
19.8768
19.8768
19.8768
19.8768
19.8768
19.8768
19.8768
19.8768
19.8768
19.8768
19.8768
19.8768
19.8768
19.8768
19.8768
19.8768
19.8768
19.8768
19.8768
19.8768
19.8768
19.8768
19.8768
19.8768
19.8768
19.8768
19.8768
19.8768
19.8768
19.8768
19.8768
19.8768
19.8768
19.8768
19.8768
19.8768
19.8768
19.8768
19.8768
19.8768
19.8768
19.8768
19.8768
19.8768
19.8768
19.8768
19.8768
19.8768
19.8768
19.8768
19.8768
19.8768
19.8768
19.8768
19.8768
19.8768
19.8768
19.8768
19.8768
19.8768
19.8768
19.8768
19.8768
19.8768
19.8768
19.8768
19.8768
19.8768
19.8768
19.8768
19.8768
19.8768
19.8768
19.8768
19.8768
19.8768
19.8768
19.8768
19.8768
19.8768
19.8768
19.8768
19.8768
19.8768
19.8768
19.8768
19.8768
19.8768
19.8768
19.8768
19.8768
19.8768
19.8768
19.8768
19.8768
19.8768
19.8768
19.8768
19.8768
19.8768
19.8768
19.8768
19.8768
19.8768
19.8768
19.8768
19.8768
19.8768
19.8768
19.8768
19.8768
19.8768
19.8768
19.8768
19.8768
19.8768
19.8768
19.8768
19.8768
19.8768
19.8768
19.8768
19.8768
19.8768
19.8768
19.8768
19.8768
19.8768
19.8768
19.8768
19.8768
19.8768
19.8768
19.8768
19.8768
19.8768
19.8768
19.8768
19.8768
19.8768
19.8768
19.8768
19.8768
19.8768
19.8768
19.8768
19.8768
19.8768
19.8768
19.8768
19.8768
19.8767
19.8767
19.8767
19.8766
19.8765
19.8755
19.8757
19.8729
19.8635
19.8463
19.8667
28.6189
26.3111
24.4753
23.3597
22.6457
21.9451
21.1417
20.3489
19.6121
18.9337
18.3362
17.8358
17.445
17.1697
17.0068
16.9455
16.9705
17.0658
17.2156
17.4049
17.6194
17.8463
18.075
18.2969
18.506
18.698
18.8709
19.0239
19.1574
19.2726
19.3712
19.4548
19.5253
19.5846
19.6342
19.6756
19.7101
19.7388
19.7627
19.7825
19.7989
19.8124
19.8237
19.8331
19.841
19.8476
19.853
19.8574
19.8611
19.8641
19.8665
19.8685
19.8702
19.8715
19.8726
19.8735
19.8742
19.8748
19.8753
19.8757
19.876
19.8762
19.8764
19.8765
19.8767
19.8768
19.8768
19.8769
19.8769
19.8769
19.877
19.877
19.877
19.877
19.877
19.877
19.877
19.877
19.877
19.877
19.8769
19.8769
19.8769
19.8769
19.8769
19.8769
19.8769
19.8769
19.8769
19.8769
19.8769
19.8769
19.8769
19.8769
19.8769
19.8769
19.8769
19.8769
19.8768
19.8768
19.8768
19.8768
19.8768
19.8768
19.8768
19.8768
19.8768
19.8768
19.8768
19.8768
19.8768
19.8768
19.8768
19.8768
19.8768
19.8768
19.8768
19.8768
19.8768
19.8768
19.8768
19.8768
19.8768
19.8768
19.8768
19.8768
19.8768
19.8768
19.8768
19.8768
19.8768
19.8768
19.8768
19.8768
19.8768
19.8768
19.8768
19.8768
19.8768
19.8768
19.8768
19.8768
19.8768
19.8768
19.8768
19.8768
19.8768
19.8768
19.8768
19.8768
19.8768
19.8768
19.8768
19.8768
19.8768
19.8767
19.8768
19.8767
19.8768
19.8767
19.8768
19.8768
19.8768
19.8768
19.8768
19.8768
19.8768
19.8768
19.8768
19.8768
19.8768
19.8768
19.8768
19.8768
19.8768
19.8768
19.8768
19.8768
19.8768
19.8768
19.8768
19.8768
19.8768
19.8767
19.8767
19.8767
19.8767
19.8767
19.8768
19.8768
19.8768
19.8768
19.8768
19.8768
19.8768
19.8768
19.8768
19.8768
19.8768
19.8768
19.8768
19.8767
19.8767
19.8767
19.8767
19.8767
19.8767
19.8767
19.8767
19.8767
19.8767
19.8767
19.8767
19.8767
19.8767
19.8767
19.8767
19.8767
19.8767
19.8767
19.8767
19.8767
19.8767
19.8767
19.8767
19.8767
19.8767
19.8767
19.8767
19.8767
19.8767
19.8767
19.8767
19.8767
19.8767
19.8767
19.8767
19.8767
19.8767
19.8767
19.8767
19.8767
19.8767
19.8767
19.8767
19.8767
19.8767
19.8767
19.8767
19.8767
19.8767
19.8767
19.8767
19.8767
19.8767
19.8767
19.8767
19.8767
19.8767
19.8767
19.8767
19.8767
19.8767
19.8767
19.8768
19.8768
19.8768
19.8768
19.8768
19.8768
19.8768
19.8768
19.8768
19.8768
19.8768
19.8768
19.8768
19.8768
19.8768
19.8768
19.8768
19.8768
19.8768
19.8768
19.8768
19.8768
19.8768
19.8768
19.8768
19.8767
19.8767
19.8767
19.8767
19.8767
19.8767
19.8767
19.8767
19.8767
19.8767
19.8767
19.8767
19.8767
19.8767
19.8767
19.8767
19.8767
19.8767
19.8767
19.8767
19.8767
19.8767
19.8767
19.8767
19.8767
19.8767
19.8767
19.8767
19.8767
19.8767
19.8767
19.8768
19.8768
19.8768
19.8768
19.8768
19.8768
19.8768
19.8768
19.8768
19.8768
19.8768
19.8768
19.8768
19.8768
19.8768
19.8768
19.8768
19.8768
19.8768
19.8768
19.8768
19.8768
19.8768
19.8768
19.8768
19.8768
19.8768
19.8768
19.8768
19.8768
19.8768
19.8768
19.8768
19.8768
19.8768
19.8768
19.8768
19.8768
19.8768
19.8768
19.8768
19.8768
19.8768
19.8768
19.8768
19.8768
19.8768
19.8768
19.8768
19.8768
19.8768
19.8768
19.8768
19.8768
19.8768
19.8768
19.8768
19.8768
19.8768
19.8768
19.8768
19.8768
19.8768
19.8768
19.8768
19.8768
19.8768
19.8768
19.8768
19.8768
19.8768
19.8768
19.8768
19.8768
19.8768
19.8768
19.8768
19.8768
19.8768
19.8768
19.8768
19.8768
19.8768
19.8768
19.8768
19.8768
19.8768
19.8768
19.8768
19.8768
19.8768
19.8768
19.8768
19.8768
19.8768
19.8768
19.8768
19.8768
19.8768
19.8768
19.8768
19.8768
19.8768
19.8768
19.8768
19.8768
19.8768
19.8768
19.8768
19.8768
19.8768
19.8768
19.8768
19.8768
19.8768
19.8768
19.8768
19.8768
19.8768
19.8768
19.8768
19.8768
19.8768
19.8768
19.8768
19.8768
19.8768
19.8768
19.8768
19.8768
19.8768
19.8768
19.8768
19.8768
19.8768
19.8768
19.8768
19.8768
19.8768
19.8768
19.8768
19.8768
19.8768
19.8768
19.8768
19.8768
19.8768
19.8768
19.8768
19.8768
19.8768
19.8768
19.8768
19.8768
19.8768
19.8768
19.8768
19.8768
19.8768
19.8768
19.8768
19.8768
19.8768
19.8768
19.8768
19.8768
19.8768
19.8768
19.8767
19.8767
19.8767
19.8767
19.8766
19.8765
19.8755
19.8757
19.8729
19.8635
19.8463
19.8667
27.589
25.3474
23.5757
22.5006
21.8235
21.1567
20.3826
19.6126
18.8906
18.2196
17.6225
17.1168
16.7179
16.4345
16.2655
16.201
16.2258
16.323
16.4762
16.6696
16.8882
17.118
17.3472
17.5663
17.769
17.9516
18.1127
18.2525
18.3723
18.4739
18.5595
18.6312
18.691
18.7406
18.7818
18.8158
18.844
18.8673
18.8866
18.9024
18.9154
18.9262
18.9352
18.9426
18.9488
18.9538
18.9579
18.9613
18.9641
18.9663
18.9682
18.9697
18.9709
18.9719
18.9727
18.9733
18.9739
18.9743
18.9746
18.9749
18.9751
18.9753
18.9754
18.9755
18.9756
18.9757
18.9757
18.9757
18.9758
18.9758
18.9758
18.9758
18.9758
18.9758
18.9758
18.9758
18.9758
18.9758
18.9758
18.9758
18.9758
18.9758
18.9757
18.9757
18.9757
18.9757
18.9757
18.9757
18.9757
18.9757
18.9757
18.9757
18.9757
18.9757
18.9757
18.9757
18.9757
18.9757
18.9757
18.9757
18.9757
18.9757
18.9757
18.9757
18.9757
18.9757
18.9757
18.9757
18.9757
18.9757
18.9757
18.9757
18.9757
18.9756
18.9756
18.9756
18.9756
18.9756
18.9756
18.9756
18.9756
18.9756
18.9756
18.9756
18.9756
18.9756
18.9756
18.9756
18.9756
18.9756
18.9756
18.9756
18.9756
18.9756
18.9756
18.9756
18.9756
18.9756
18.9756
18.9756
18.9756
18.9756
18.9756
18.9756
18.9756
18.9756
18.9756
18.9756
18.9756
18.9756
18.9756
18.9756
18.9756
18.9756
18.9756
18.9756
18.9756
18.9756
18.9756
18.9756
18.9756
18.9756
18.9756
18.9756
18.9756
18.9756
18.9756
18.9756
18.9756
18.9756
18.9756
18.9756
18.9756
18.9756
18.9756
18.9756
18.9756
18.9756
18.9756
18.9756
18.9756
18.9756
18.9756
18.9756
18.9756
18.9756
18.9756
18.9756
18.9756
18.9756
18.9756
18.9756
18.9756
18.9756
18.9756
18.9756
18.9756
18.9756
18.9756
18.9756
18.9756
18.9756
18.9756
18.9756
18.9756
18.9756
18.9756
18.9756
18.9756
18.9756
18.9756
18.9756
18.9756
18.9756
18.9756
18.9756
18.9756
18.9756
18.9756
18.9756
18.9756
18.9756
18.9756
18.9756
18.9756
18.9756
18.9756
18.9756
18.9756
18.9756
18.9756
18.9756
18.9756
18.9756
18.9756
18.9756
18.9756
18.9756
18.9756
18.9756
18.9756
18.9756
18.9756
18.9756
18.9756
18.9756
18.9756
18.9755
18.9755
18.9755
18.9755
18.9755
18.9755
18.9755
18.9755
18.9755
18.9755
18.9756
18.9756
18.9756
18.9756
18.9756
18.9756
18.9756
18.9756
18.9756
18.9756
18.9756
18.9756
18.9756
18.9756
18.9756
18.9756
18.9756
18.9756
18.9756
18.9756
18.9756
18.9756
18.9756
18.9756
18.9756
18.9756
18.9756
18.9756
18.9756
18.9756
18.9756
18.9756
18.9756
18.9756
18.9756
18.9756
18.9756
18.9756
18.9756
18.9756
18.9756
18.9756
18.9756
18.9756
18.9755
18.9755
18.9755
18.9756
18.9756
18.9756
18.9756
18.9756
18.9756
18.9756
18.9756
18.9756
18.9756
18.9756
18.9756
18.9756
18.9756
18.9756
18.9756
18.9756
18.9756
18.9756
18.9756
18.9756
18.9756
18.9756
18.9756
18.9756
18.9756
18.9756
18.9756
18.9756
18.9756
18.9756
18.9756
18.9756
18.9756
18.9756
18.9756
18.9756
18.9756
18.9756
18.9756
18.9756
18.9756
18.9756
18.9756
18.9756
18.9756
18.9756
18.9756
18.9756
18.9756
18.9756
18.9756
18.9756
18.9756
18.9756
18.9756
18.9756
18.9756
18.9756
18.9756
18.9756
18.9756
18.9756
18.9756
18.9756
18.9756
18.9756
18.9756
18.9756
18.9756
18.9756
18.9756
18.9756
18.9756
18.9756
18.9756
18.9756
18.9756
18.9756
18.9756
18.9756
18.9756
18.9756
18.9756
18.9756
18.9756
18.9756
18.9756
18.9756
18.9756
18.9756
18.9756
18.9756
18.9756
18.9756
18.9756
18.9756
18.9756
18.9756
18.9756
18.9756
18.9756
18.9756
18.9756
18.9756
18.9756
18.9756
18.9756
18.9756
18.9756
18.9756
18.9756
18.9756
18.9756
18.9756
18.9756
18.9756
18.9756
18.9756
18.9756
18.9756
18.9756
18.9756
18.9756
18.9756
18.9756
18.9756
18.9756
18.9756
18.9756
18.9756
18.9756
18.9756
18.9756
18.9756
18.9756
18.9756
18.9756
18.9756
18.9756
18.9756
18.9756
18.9756
18.9756
18.9756
18.9756
18.9756
18.9756
18.9756
18.9756
18.9756
18.9756
18.9756
18.9756
18.9756
18.9756
18.9756
18.9756
18.9756
18.9756
18.9756
18.9756
18.9756
18.9756
18.9756
18.9756
18.9756
18.9756
18.9756
18.9756
18.9756
18.9756
18.9756
18.9756
18.9756
18.9756
18.9756
18.9756
18.9756
18.9756
18.9756
18.9756
18.9756
18.9756
18.9755
18.9755
18.9755
18.9754
18.9751
18.9747
18.9731
18.9718
18.9663
18.9522
18.9108
18.9389
25.718
23.5985
21.9386
20.935
20.3288
19.7315
19.0196
18.2994
17.6133
16.9655
16.3798
15.8763
15.474
15.1856
15.0126
14.946
14.9721
15.0753
15.2383
15.4428
15.6714
15.9054
16.1307
16.3383
16.5235
16.6848
16.8228
16.9394
17.0369
17.1178
17.1847
17.2398
17.2851
17.3221
17.3525
17.3774
17.3977
17.4143
17.4279
17.4389
17.448
17.4555
17.4616
17.4665
17.4705
17.4738
17.4764
17.4786
17.4803
17.4817
17.4829
17.4838
17.4845
17.4851
17.4856
17.4859
17.4862
17.4865
17.4866
17.4868
17.4869
17.487
17.487
17.4871
17.4871
17.4871
17.4872
17.4872
17.4872
17.4872
17.4872
17.4872
17.4872
17.4872
17.4871
17.4871
17.4871
17.4871
17.4871
17.4871
17.4871
17.4871
17.4871
17.4871
17.4871
17.4871
17.4871
17.4871
17.4871
17.4871
17.4871
17.4871
17.4871
17.487
17.487
17.487
17.487
17.487
17.487
17.487
17.487
17.487
17.487
17.487
17.487
17.487
17.487
17.487
17.487
17.487
17.487
17.487
17.487
17.487
17.487
17.487
17.487
17.487
17.487
17.487
17.487
17.487
17.487
17.487
17.487
17.487
17.487
17.487
17.487
17.487
17.487
17.487
17.487
17.487
17.487
17.487
17.487
17.487
17.487
17.487
17.487
17.487
17.487
17.4869
17.4869
17.4869
17.4869
17.4869
17.4869
17.4869
17.4869
17.4869
17.4869
17.4869
17.4869
17.4869
17.4869
17.4869
17.4869
17.4869
17.4869
17.4869
17.4869
17.4869
17.4869
17.4869
17.4869
17.4869
17.4869
17.4869
17.4869
17.4869
17.4869
17.4869
17.4869
17.4869
17.4869
17.4869
17.4869
17.4869
17.4869
17.4869
17.4869
17.4869
17.4869
17.4869
17.4869
17.4869
17.4869
17.4869
17.4869
17.4869
17.4869
17.4869
17.4869
17.4869
17.4869
17.4869
17.4869
17.4869
17.4869
17.4869
17.4869
17.4869
17.4869
17.4869
17.4869
17.4869
17.4869
17.4869
17.4869
17.4869
17.4869
17.4869
17.4869
17.4869
17.4869
17.4869
17.4869
17.4869
17.4869
17.4869
17.4869
17.4869
17.4869
17.4869
17.4869
17.4869
17.4869
17.4869
17.4869
17.4869
17.4869
17.4869
17.4869
17.4869
17.4869
17.4869
17.4869
17.4869
17.4869
17.4869
17.4869
17.4869
17.4869
17.4869
17.4869
17.4869
17.4869
17.4869
17.4869
17.4869
17.4869
17.4869
17.4869
17.4869
17.4869
17.4869
17.4869
17.4869
17.4869
17.4869
17.4869
17.4869
17.4869
17.4869
17.4869
17.4869
17.4869
17.4869
17.4869
17.4869
17.4869
17.4869
17.4869
17.4869
17.4869
17.4869
17.4869
17.4869
17.4869
17.4869
17.4869
17.4869
17.4869
17.4869
17.4869
17.4869
17.4869
17.4869
17.4869
17.4869
17.4869
17.4869
17.4869
17.4869
17.4869
17.4869
17.4869
17.4869
17.4869
17.4869
17.4869
17.4869
17.4869
17.4869
17.4869
17.4869
17.4869
17.4869
17.4869
17.4869
17.4869
17.4869
17.4869
17.4869
17.4869
17.4869
17.4869
17.4869
17.4869
17.4869
17.4869
17.4869
17.4869
17.4869
17.4869
17.4869
17.4869
17.4869
17.4869
17.4869
17.4869
17.4869
17.4869
17.4869
17.4869
17.4869
17.4869
17.4869
17.4869
17.4869
17.4869
17.4869
17.4869
17.4869
17.4869
17.4869
17.4869
17.4869
17.4869
17.4869
17.4869
17.4869
17.4869
17.4869
17.4869
17.4869
17.4869
17.4869
17.4869
17.4869
17.4869
17.4869
17.4869
17.4869
17.4869
17.4869
17.4869
17.4869
17.4869
17.4869
17.4869
17.4869
17.4869
17.4869
17.4869
17.4869
17.4869
17.4869
17.4869
17.4869
17.4869
17.4869
17.4869
17.4869
17.4869
17.4869
17.4869
17.4869
17.4869
17.4869
17.4869
17.4869
17.4869
17.4869
17.4869
17.4869
17.4869
17.4869
17.4869
17.4869
17.4869
17.4869
17.4869
17.4869
17.4869
17.4869
17.4869
17.4869
17.4869
17.4869
17.4869
17.4869
17.4869
17.4869
17.4869
17.4869
17.4869
17.4869
17.4869
17.4869
17.4869
17.4869
17.4869
17.487
17.487
17.487
17.487
17.487
17.487
17.487
17.487
17.487
17.487
17.487
17.487
17.487
17.487
17.487
17.487
17.487
17.487
17.487
17.487
17.487
17.487
17.487
17.487
17.487
17.487
17.487
17.487
17.487
17.4869
17.4869
17.4869
17.4869
17.4869
17.4869
17.4869
17.4869
17.4869
17.4869
17.4869
17.4869
17.4869
17.4869
17.4869
17.4869
17.4869
17.4869
17.4869
17.4869
17.4869
17.4869
17.4869
17.4869
17.4869
17.4869
17.4869
17.4869
17.4869
17.4869
17.4869
17.4869
17.4869
17.4869
17.4869
17.4868
17.4868
17.4866
17.4862
17.4855
17.4833
17.4799
17.4697
17.4401
17.368
17.4053
)
;
    }
}


// ************************************************************************* //
