/*--------------------------------*- C++ -*----------------------------------*\
| =========                 |                                                 |
| \\      /  F ield         | OpenFOAM: The Open Source CFD Toolbox           |
|  \\    /   O peration     | Version:  2412                                  |
|   \\  /    A nd           | Website:  www.openfoam.com                      |
|    \\/     M anipulation  |                                                 |
\*---------------------------------------------------------------------------*/
FoamFile
{
    version     2.0;
    format      ascii;
    arch        "LSB;label=32;scalar=64";
    class       volScalarField;
    location    "0.0002";
    object      yPlus;
}
// * * * * * * * * * * * * * * * * * * * * * * * * * * * * * * * * * * * * * //

dimensions      [0 0 0 0 0 0 0];

internalField   uniform 0;

boundaryField
{
    inlet
    {
        type            calculated;
        value           uniform 0;
    }
    outlet
    {
        type            calculated;
        value           uniform 0;
    }
    pipe
    {
        type            calculated;
        value           nonuniform List<scalar> 
12000
(
30.1468
27.5341
20.7434
18.7917
17.1222
16.1358
15.5116
15.0427
14.6418
14.2775
13.9408
13.6299
13.345
13.0869
12.8577
12.656
12.4809
12.3312
12.2049
12.0995
12.0124
11.941
11.8829
11.8357
11.7977
11.7672
11.7428
11.7234
11.7079
11.6957
11.6861
11.6785
11.6726
11.668
11.6645
11.6618
11.6597
11.6582
11.6572
11.6564
11.6559
11.6555
11.6553
11.6551
11.655
11.655
11.655
11.655
11.6551
11.6552
11.6552
11.6553
11.6554
11.6555
11.6555
11.6556
11.6557
11.6557
11.6558
11.6558
11.6559
11.6559
11.656
11.656
11.656
11.656
11.6561
11.6561
11.6561
11.6561
11.6562
11.6562
11.6562
11.6562
11.6562
11.6562
11.6563
11.6563
11.6563
11.6563
11.6563
11.6563
11.6563
11.6563
11.6563
11.6563
11.6563
11.6563
11.6564
11.6564
11.6564
11.6564
11.6564
11.6564
11.6564
11.6564
11.6564
11.6564
11.6564
11.6564
11.6564
11.6564
11.6565
11.6565
11.6565
11.6565
11.6565
11.6565
11.6565
11.6565
11.6565
11.6565
11.6565
11.6565
11.6565
11.6565
11.6565
11.6565
11.6565
11.6565
11.6565
11.6565
11.6565
11.6565
11.6565
11.6565
11.6566
11.6566
11.6566
11.6566
11.6566
11.6566
11.6566
11.6566
11.6566
11.6566
11.6566
11.6566
11.6566
11.6566
11.6566
11.6566
11.6566
11.6566
11.6566
11.6566
11.6566
11.6566
11.6566
11.6566
11.6566
11.6567
11.6567
11.6567
11.6567
11.6567
11.6566
11.6566
11.6566
11.6566
11.6566
11.6566
11.6566
11.6566
11.6566
11.6566
11.6566
11.6566
11.6566
11.6566
11.6566
11.6567
11.6567
11.6567
11.6567
11.6567
11.6567
11.6567
11.6567
11.6567
11.6567
11.6567
11.6567
11.6567
11.6567
11.6567
11.6567
11.6567
11.6566
11.6566
11.6566
11.6567
11.6567
11.6567
11.6567
11.6567
11.6567
11.6567
11.6567
11.6567
11.6567
11.6567
11.6567
11.6567
11.6567
11.6567
11.6567
11.6567
11.6567
11.6567
11.6567
11.6567
11.6567
11.6567
11.6567
11.6567
11.6567
11.6567
11.6567
11.6567
11.6567
11.6567
11.6567
11.6567
11.6567
11.6567
11.6567
11.6567
11.6567
11.6567
11.6567
11.6567
11.6567
11.6567
11.6567
11.6567
11.6567
11.6567
11.6567
11.6567
11.6567
11.6567
11.6567
11.6567
11.6567
11.6567
11.6567
11.6567
11.6567
11.6567
11.6567
11.6567
11.6567
11.6567
11.6567
11.6567
11.6567
11.6567
11.6567
11.6567
11.6567
11.6567
11.6567
11.6567
11.6567
11.6567
11.6567
11.6567
11.6567
11.6567
11.6567
11.6567
11.6567
11.6567
11.6567
11.6567
11.6567
11.6567
11.6567
11.6567
11.6567
11.6567
11.6567
11.6567
11.6567
11.6567
11.6567
11.6567
11.6567
11.6567
11.6567
11.6567
11.6567
11.6567
11.6567
11.6567
11.6567
11.6567
11.6567
11.6567
11.6567
11.6567
11.6567
11.6567
11.6567
11.6567
11.6567
11.6567
11.6567
11.6567
11.6567
11.6567
11.6567
11.6567
11.6567
11.6567
11.6567
11.6567
11.6567
11.6567
11.6567
11.6567
11.6567
11.6567
11.6567
11.6567
11.6567
11.6567
11.6567
11.6567
11.6567
11.6567
11.6567
11.6567
11.6567
11.6567
11.6567
11.6567
11.6567
11.6567
11.6567
11.6567
11.6567
11.6566
11.6566
11.6566
11.6566
11.6566
11.6566
11.6566
11.6566
11.6566
11.6566
11.6566
11.6566
11.6566
11.6566
11.6566
11.6566
11.6566
11.6566
11.6566
11.6566
11.6566
11.6566
11.6566
11.6566
11.6566
11.6566
11.6566
11.6566
11.6566
11.6566
11.6566
11.6566
11.6566
11.6566
11.6566
11.6566
11.6566
11.6566
11.6566
11.6566
11.6566
11.6566
11.6566
11.6566
11.6566
11.6566
11.6566
11.6566
11.6566
11.6566
11.6566
11.6566
11.6566
11.6565
11.6565
11.6565
11.6565
11.6565
11.6565
11.6565
11.6565
11.6565
11.6565
11.6565
11.6565
11.6565
11.6565
11.6565
11.6565
11.6565
11.6565
11.6565
11.6565
11.6565
11.6564
11.6564
11.6564
11.6564
11.6564
11.6564
11.6564
11.6564
11.6564
11.6564
11.6564
11.6563
11.6563
11.6563
11.6563
11.6563
11.6563
11.6563
11.6563
11.6563
11.6563
11.6563
11.6563
11.6563
11.6563
11.6563
11.6563
11.6563
11.6563
11.6563
11.6563
11.6563
11.6563
11.6563
11.6563
11.6563
11.6563
11.6563
11.6563
11.6563
11.6563
11.6563
11.6563
11.6563
11.6563
11.6563
11.6563
11.6563
11.6563
11.6563
11.6564
11.6564
11.6564
11.6564
11.6564
11.6564
11.6563
11.6563
11.6563
11.6563
11.6563
11.6563
11.6563
11.6562
11.6562
11.6562
11.6562
11.6561
11.6561
11.656
11.656
11.6559
11.6558
11.6557
11.6555
11.6553
11.6548
11.654
11.6525
11.6498
11.6644
11.669
11.653
32.5016
30.5639
23.2765
20.8665
18.7689
17.5109
16.7406
16.1959
15.755
15.3691
15.0209
14.7045
14.4181
14.1613
13.9335
13.7341
13.5621
13.416
13.2929
13.1905
13.1061
13.037
12.981
12.9358
12.8996
12.8707
12.8477
12.8295
12.8152
12.8041
12.7953
12.7886
12.7834
12.7795
12.7765
12.7743
12.7727
12.7715
12.7707
12.7702
12.7698
12.7697
12.7696
12.7696
12.7697
12.7699
12.77
12.7702
12.7703
12.7705
12.7706
12.7708
12.7709
12.771
12.7711
12.7712
12.7713
12.7714
12.7715
12.7716
12.7716
12.7717
12.7717
12.7718
12.7718
12.7718
12.7719
12.7719
12.7719
12.772
12.772
12.772
12.772
12.772
12.7721
12.7721
12.7721
12.7721
12.7721
12.7721
12.7721
12.7721
12.7721
12.7721
12.7722
12.7722
12.7722
12.7722
12.7722
12.7722
12.7722
12.7722
12.7722
12.7722
12.7722
12.7722
12.7723
12.7723
12.7723
12.7723
12.7723
12.7723
12.7723
12.7723
12.7723
12.7723
12.7723
12.7723
12.7723
12.7723
12.7723
12.7723
12.7723
12.7723
12.7723
12.7723
12.7723
12.7724
12.7724
12.7724
12.7724
12.7724
12.7724
12.7724
12.7724
12.7724
12.7724
12.7724
12.7724
12.7724
12.7724
12.7724
12.7724
12.7724
12.7724
12.7724
12.7724
12.7724
12.7724
12.7724
12.7724
12.7724
12.7724
12.7725
12.7725
12.7725
12.7725
12.7725
12.7725
12.7725
12.7725
12.7725
12.7725
12.7725
12.7725
12.7725
12.7725
12.7725
12.7725
12.7725
12.7725
12.7725
12.7725
12.7725
12.7725
12.7725
12.7725
12.7725
12.7725
12.7725
12.7725
12.7725
12.7725
12.7725
12.7725
12.7725
12.7725
12.7725
12.7725
12.7725
12.7725
12.7725
12.7725
12.7725
12.7725
12.7725
12.7725
12.7725
12.7725
12.7725
12.7725
12.7725
12.7725
12.7725
12.7725
12.7725
12.7725
12.7725
12.7725
12.7725
12.7725
12.7725
12.7725
12.7725
12.7725
12.7725
12.7725
12.7725
12.7725
12.7725
12.7725
12.7725
12.7725
12.7725
12.7725
12.7725
12.7725
12.7725
12.7725
12.7725
12.7725
12.7725
12.7725
12.7725
12.7725
12.7725
12.7725
12.7725
12.7725
12.7726
12.7726
12.7726
12.7726
12.7726
12.7726
12.7726
12.7726
12.7726
12.7726
12.7726
12.7726
12.7726
12.7726
12.7726
12.7726
12.7726
12.7726
12.7726
12.7726
12.7726
12.7726
12.7726
12.7726
12.7726
12.7726
12.7726
12.7726
12.7725
12.7725
12.7725
12.7725
12.7725
12.7725
12.7725
12.7725
12.7725
12.7725
12.7725
12.7725
12.7725
12.7725
12.7725
12.7725
12.7725
12.7725
12.7725
12.7725
12.7725
12.7725
12.7725
12.7725
12.7725
12.7725
12.7725
12.7725
12.7725
12.7725
12.7725
12.7725
12.7725
12.7725
12.7725
12.7725
12.7726
12.7726
12.7726
12.7726
12.7726
12.7726
12.7726
12.7726
12.7725
12.7725
12.7725
12.7725
12.7725
12.7725
12.7725
12.7725
12.7725
12.7725
12.7725
12.7725
12.7725
12.7725
12.7725
12.7725
12.7725
12.7725
12.7725
12.7725
12.7725
12.7725
12.7725
12.7725
12.7725
12.7725
12.7725
12.7725
12.7725
12.7725
12.7725
12.7725
12.7725
12.7725
12.7725
12.7725
12.7725
12.7725
12.7725
12.7725
12.7725
12.7725
12.7725
12.7725
12.7725
12.7725
12.7724
12.7724
12.7724
12.7724
12.7724
12.7724
12.7724
12.7724
12.7724
12.7724
12.7724
12.7724
12.7724
12.7724
12.7724
12.7724
12.7724
12.7724
12.7724
12.7724
12.7724
12.7724
12.7724
12.7724
12.7724
12.7724
12.7724
12.7724
12.7724
12.7724
12.7724
12.7724
12.7724
12.7724
12.7724
12.7724
12.7724
12.7724
12.7724
12.7724
12.7724
12.7724
12.7724
12.7724
12.7724
12.7724
12.7724
12.7724
12.7724
12.7724
12.7724
12.7724
12.7724
12.7724
12.7724
12.7724
12.7723
12.7723
12.7723
12.7723
12.7723
12.7723
12.7723
12.7723
12.7723
12.7723
12.7723
12.7723
12.7723
12.7723
12.7723
12.7723
12.7723
12.7723
12.7723
12.7722
12.7722
12.7722
12.7722
12.7722
12.7722
12.7722
12.7722
12.7722
12.7721
12.7721
12.7721
12.7721
12.7721
12.7721
12.7721
12.7721
12.7721
12.7721
12.7721
12.7721
12.7721
12.7721
12.7721
12.7721
12.7721
12.7721
12.7721
12.7721
12.7721
12.7721
12.7721
12.7721
12.7721
12.7721
12.7721
12.7721
12.7721
12.7721
12.7721
12.7721
12.7722
12.7722
12.7722
12.7722
12.7722
12.7722
12.7722
12.7722
12.7722
12.7722
12.7722
12.7722
12.7722
12.7721
12.7721
12.7721
12.7721
12.7721
12.772
12.772
12.772
12.772
12.7719
12.7719
12.7718
12.7717
12.7716
12.7715
12.7713
12.7711
12.7706
12.7697
12.7679
12.7645
12.7827
12.7819
12.7383
33.8157
32.2564
24.7174
22.0942
19.7584
18.3353
17.4721
16.8786
16.4119
16.0124
15.6571
15.3378
15.0511
14.7957
14.5704
14.3741
14.2053
14.062
13.9419
13.8423
13.7605
13.6939
13.64
13.5967
13.5621
13.5346
13.513
13.496
13.4828
13.4726
13.4647
13.4587
13.4542
13.4508
13.4484
13.4466
13.4454
13.4446
13.4441
13.4438
13.4437
13.4438
13.4439
13.444
13.4442
13.4445
13.4447
13.4449
13.4451
13.4454
13.4456
13.4458
13.4459
13.4461
13.4463
13.4464
13.4465
13.4466
13.4467
13.4468
13.4469
13.4469
13.447
13.4471
13.4471
13.4471
13.4472
13.4472
13.4473
13.4473
13.4473
13.4473
13.4473
13.4474
13.4474
13.4474
13.4474
13.4474
13.4474
13.4474
13.4475
13.4475
13.4475
13.4475
13.4475
13.4475
13.4475
13.4475
13.4475
13.4475
13.4475
13.4476
13.4476
13.4476
13.4476
13.4476
13.4476
13.4476
13.4476
13.4476
13.4476
13.4476
13.4476
13.4476
13.4476
13.4476
13.4477
13.4477
13.4477
13.4477
13.4477
13.4477
13.4477
13.4477
13.4477
13.4477
13.4477
13.4477
13.4477
13.4477
13.4477
13.4477
13.4477
13.4477
13.4477
13.4477
13.4477
13.4477
13.4477
13.4478
13.4478
13.4478
13.4478
13.4478
13.4478
13.4478
13.4478
13.4478
13.4478
13.4478
13.4478
13.4478
13.4478
13.4478
13.4478
13.4478
13.4478
13.4478
13.4478
13.4478
13.4478
13.4478
13.4478
13.4478
13.4478
13.4478
13.4478
13.4478
13.4478
13.4478
13.4478
13.4478
13.4478
13.4478
13.4478
13.4478
13.4478
13.4478
13.4478
13.4478
13.4478
13.4478
13.4478
13.4478
13.4479
13.4479
13.4479
13.4479
13.4479
13.4479
13.4479
13.4479
13.4479
13.4479
13.4479
13.4479
13.4478
13.4478
13.4478
13.4478
13.4478
13.4478
13.4478
13.4479
13.4479
13.4479
13.4479
13.4479
13.4479
13.4479
13.4479
13.4479
13.4479
13.4479
13.4479
13.4479
13.4479
13.4479
13.4479
13.4479
13.4479
13.4479
13.4479
13.4479
13.4479
13.4479
13.4479
13.4479
13.4479
13.4479
13.4479
13.4479
13.4479
13.4479
13.4479
13.4479
13.4479
13.4479
13.4479
13.4479
13.4479
13.4479
13.4479
13.4479
13.4479
13.4479
13.4479
13.4479
13.4479
13.4479
13.4479
13.4479
13.4479
13.4479
13.4479
13.4479
13.4479
13.4479
13.4479
13.4479
13.4479
13.4479
13.4479
13.4479
13.4479
13.4479
13.4479
13.4479
13.4479
13.4479
13.4479
13.4479
13.4479
13.4479
13.4479
13.4479
13.4479
13.4479
13.4479
13.4479
13.4479
13.4479
13.4479
13.4479
13.4479
13.4479
13.4479
13.4479
13.4479
13.4479
13.4479
13.4479
13.4479
13.4479
13.4479
13.4479
13.4479
13.4479
13.4479
13.4479
13.4479
13.4479
13.4479
13.4479
13.4479
13.4479
13.4479
13.4479
13.4479
13.4479
13.4479
13.4479
13.4479
13.4479
13.4479
13.4479
13.4479
13.4479
13.4479
13.4479
13.4479
13.4479
13.4479
13.4479
13.4479
13.4479
13.4479
13.4479
13.4479
13.4479
13.4479
13.4479
13.4479
13.4479
13.4479
13.4479
13.4479
13.4479
13.4479
13.4479
13.4479
13.4479
13.4479
13.4479
13.4479
13.4479
13.4479
13.4479
13.4479
13.4479
13.4479
13.4479
13.4478
13.4478
13.4478
13.4478
13.4478
13.4478
13.4478
13.4478
13.4478
13.4478
13.4478
13.4478
13.4478
13.4478
13.4477
13.4477
13.4477
13.4477
13.4477
13.4477
13.4477
13.4477
13.4477
13.4477
13.4477
13.4477
13.4477
13.4477
13.4477
13.4477
13.4477
13.4477
13.4477
13.4477
13.4477
13.4478
13.4478
13.4478
13.4478
13.4478
13.4478
13.4478
13.4478
13.4478
13.4478
13.4478
13.4477
13.4477
13.4477
13.4477
13.4477
13.4477
13.4477
13.4477
13.4477
13.4477
13.4477
13.4477
13.4477
13.4477
13.4477
13.4477
13.4477
13.4477
13.4477
13.4477
13.4477
13.4477
13.4477
13.4477
13.4477
13.4477
13.4477
13.4476
13.4476
13.4476
13.4476
13.4476
13.4476
13.4476
13.4476
13.4476
13.4476
13.4476
13.4475
13.4475
13.4475
13.4475
13.4475
13.4475
13.4475
13.4475
13.4475
13.4475
13.4475
13.4475
13.4475
13.4475
13.4475
13.4475
13.4475
13.4475
13.4474
13.4474
13.4474
13.4474
13.4474
13.4474
13.4474
13.4474
13.4474
13.4474
13.4474
13.4474
13.4474
13.4474
13.4475
13.4475
13.4475
13.4475
13.4475
13.4475
13.4475
13.4475
13.4475
13.4475
13.4475
13.4475
13.4475
13.4475
13.4475
13.4475
13.4475
13.4475
13.4475
13.4475
13.4474
13.4474
13.4474
13.4474
13.4473
13.4473
13.4473
13.4472
13.4472
13.4471
13.447
13.4469
13.4468
13.4466
13.4464
13.4459
13.445
13.4431
13.4389
13.4604
13.459
13.4033
33.8157
32.2564
24.7174
22.0942
19.7584
18.3353
17.4721
16.8786
16.4119
16.0124
15.6571
15.3378
15.0511
14.7957
14.5704
14.3741
14.2053
14.062
13.9419
13.8423
13.7605
13.6939
13.64
13.5967
13.5621
13.5346
13.513
13.496
13.4828
13.4726
13.4647
13.4587
13.4542
13.4508
13.4484
13.4466
13.4454
13.4446
13.4441
13.4438
13.4437
13.4438
13.4439
13.444
13.4442
13.4445
13.4447
13.4449
13.4451
13.4454
13.4456
13.4458
13.4459
13.4461
13.4463
13.4464
13.4465
13.4466
13.4467
13.4468
13.4469
13.4469
13.447
13.4471
13.4471
13.4471
13.4472
13.4472
13.4473
13.4473
13.4473
13.4473
13.4473
13.4474
13.4474
13.4474
13.4474
13.4474
13.4474
13.4474
13.4475
13.4475
13.4475
13.4475
13.4475
13.4475
13.4475
13.4475
13.4475
13.4475
13.4475
13.4476
13.4476
13.4476
13.4476
13.4476
13.4476
13.4476
13.4476
13.4476
13.4476
13.4476
13.4476
13.4476
13.4476
13.4476
13.4477
13.4477
13.4477
13.4477
13.4477
13.4477
13.4477
13.4477
13.4477
13.4477
13.4477
13.4477
13.4477
13.4477
13.4477
13.4477
13.4477
13.4477
13.4477
13.4477
13.4477
13.4477
13.4477
13.4478
13.4478
13.4478
13.4478
13.4478
13.4478
13.4478
13.4478
13.4478
13.4478
13.4478
13.4478
13.4478
13.4478
13.4478
13.4478
13.4478
13.4478
13.4478
13.4478
13.4478
13.4478
13.4478
13.4478
13.4478
13.4478
13.4478
13.4478
13.4478
13.4478
13.4478
13.4478
13.4478
13.4478
13.4478
13.4478
13.4478
13.4478
13.4478
13.4478
13.4478
13.4478
13.4478
13.4478
13.4478
13.4478
13.4479
13.4479
13.4479
13.4479
13.4479
13.4479
13.4479
13.4479
13.4479
13.4479
13.4479
13.4478
13.4478
13.4478
13.4478
13.4478
13.4478
13.4478
13.4479
13.4479
13.4479
13.4479
13.4479
13.4479
13.4479
13.4479
13.4479
13.4479
13.4479
13.4479
13.4479
13.4479
13.4479
13.4479
13.4479
13.4479
13.4479
13.4479
13.4479
13.4479
13.4479
13.4479
13.4479
13.4479
13.4479
13.4479
13.4479
13.4479
13.4479
13.4479
13.4479
13.4479
13.4479
13.4479
13.4479
13.4479
13.4479
13.4479
13.4479
13.4479
13.4479
13.4479
13.4479
13.4479
13.4479
13.4479
13.4479
13.4479
13.4479
13.4479
13.4479
13.4479
13.4479
13.4479
13.4479
13.4479
13.4479
13.4479
13.4479
13.4479
13.4479
13.4479
13.4479
13.4479
13.4479
13.4479
13.4479
13.4479
13.4479
13.4479
13.4479
13.4479
13.4479
13.4479
13.4479
13.4479
13.4479
13.4479
13.4479
13.4479
13.4479
13.4479
13.4479
13.4479
13.4479
13.4479
13.4479
13.4479
13.4479
13.4479
13.4479
13.4479
13.4479
13.4479
13.4479
13.4479
13.4479
13.4479
13.4479
13.4479
13.4479
13.4479
13.4479
13.4479
13.4479
13.4479
13.4479
13.4479
13.4479
13.4479
13.4479
13.4479
13.4479
13.4479
13.4479
13.4479
13.4479
13.4479
13.4479
13.4479
13.4479
13.4479
13.4479
13.4479
13.4479
13.4479
13.4479
13.4479
13.4479
13.4479
13.4479
13.4479
13.4479
13.4479
13.4479
13.4479
13.4479
13.4479
13.4479
13.4479
13.4479
13.4479
13.4479
13.4479
13.4479
13.4479
13.4479
13.4478
13.4478
13.4478
13.4478
13.4478
13.4478
13.4478
13.4478
13.4478
13.4478
13.4478
13.4478
13.4478
13.4478
13.4477
13.4477
13.4477
13.4477
13.4477
13.4477
13.4477
13.4477
13.4477
13.4477
13.4477
13.4477
13.4477
13.4477
13.4477
13.4477
13.4477
13.4477
13.4477
13.4477
13.4477
13.4478
13.4478
13.4478
13.4478
13.4478
13.4478
13.4478
13.4478
13.4478
13.4478
13.4478
13.4477
13.4477
13.4477
13.4477
13.4477
13.4477
13.4477
13.4477
13.4477
13.4477
13.4477
13.4477
13.4477
13.4477
13.4477
13.4477
13.4477
13.4477
13.4477
13.4477
13.4477
13.4477
13.4477
13.4477
13.4477
13.4477
13.4477
13.4476
13.4476
13.4476
13.4476
13.4476
13.4476
13.4476
13.4476
13.4476
13.4476
13.4476
13.4475
13.4475
13.4475
13.4475
13.4475
13.4475
13.4475
13.4475
13.4475
13.4475
13.4475
13.4475
13.4475
13.4475
13.4475
13.4475
13.4475
13.4474
13.4474
13.4474
13.4474
13.4474
13.4474
13.4474
13.4474
13.4474
13.4474
13.4474
13.4474
13.4474
13.4474
13.4474
13.4475
13.4475
13.4475
13.4475
13.4475
13.4475
13.4475
13.4475
13.4475
13.4475
13.4475
13.4475
13.4475
13.4475
13.4475
13.4475
13.4475
13.4475
13.4475
13.4475
13.4474
13.4474
13.4474
13.4474
13.4473
13.4473
13.4473
13.4472
13.4472
13.4471
13.447
13.4469
13.4468
13.4466
13.4464
13.4459
13.445
13.4431
13.4389
13.4604
13.459
13.4033
32.5016
30.5639
23.2765
20.8665
18.7689
17.5109
16.7406
16.1959
15.755
15.3691
15.0209
14.7045
14.4181
14.1613
13.9335
13.7341
13.5621
13.416
13.2929
13.1905
13.1061
13.037
12.981
12.9358
12.8996
12.8707
12.8477
12.8295
12.8152
12.8041
12.7953
12.7886
12.7834
12.7795
12.7765
12.7743
12.7727
12.7715
12.7707
12.7702
12.7698
12.7697
12.7696
12.7696
12.7697
12.7699
12.77
12.7702
12.7703
12.7705
12.7706
12.7708
12.7709
12.771
12.7711
12.7712
12.7713
12.7714
12.7715
12.7716
12.7716
12.7717
12.7717
12.7718
12.7718
12.7718
12.7719
12.7719
12.7719
12.772
12.772
12.772
12.772
12.772
12.7721
12.7721
12.7721
12.7721
12.7721
12.7721
12.7721
12.7721
12.7721
12.7721
12.7722
12.7722
12.7722
12.7722
12.7722
12.7722
12.7722
12.7722
12.7722
12.7722
12.7722
12.7722
12.7723
12.7723
12.7723
12.7723
12.7723
12.7723
12.7723
12.7723
12.7723
12.7723
12.7723
12.7723
12.7723
12.7723
12.7723
12.7723
12.7723
12.7723
12.7723
12.7723
12.7723
12.7724
12.7724
12.7724
12.7724
12.7724
12.7724
12.7724
12.7724
12.7724
12.7724
12.7724
12.7724
12.7724
12.7724
12.7724
12.7724
12.7724
12.7724
12.7724
12.7724
12.7724
12.7724
12.7724
12.7724
12.7724
12.7724
12.7725
12.7725
12.7725
12.7725
12.7725
12.7725
12.7725
12.7725
12.7725
12.7725
12.7725
12.7725
12.7725
12.7725
12.7725
12.7725
12.7725
12.7725
12.7725
12.7725
12.7725
12.7725
12.7725
12.7725
12.7725
12.7725
12.7725
12.7725
12.7725
12.7725
12.7725
12.7725
12.7725
12.7725
12.7725
12.7725
12.7725
12.7725
12.7725
12.7725
12.7725
12.7725
12.7725
12.7725
12.7725
12.7725
12.7725
12.7725
12.7725
12.7725
12.7725
12.7725
12.7725
12.7725
12.7725
12.7725
12.7725
12.7725
12.7725
12.7725
12.7725
12.7725
12.7725
12.7725
12.7725
12.7725
12.7725
12.7725
12.7725
12.7725
12.7725
12.7725
12.7725
12.7725
12.7725
12.7725
12.7725
12.7725
12.7725
12.7725
12.7725
12.7725
12.7725
12.7725
12.7725
12.7725
12.7726
12.7726
12.7726
12.7726
12.7726
12.7726
12.7726
12.7726
12.7726
12.7726
12.7726
12.7726
12.7726
12.7726
12.7726
12.7726
12.7726
12.7726
12.7726
12.7726
12.7726
12.7726
12.7726
12.7726
12.7726
12.7726
12.7726
12.7726
12.7725
12.7725
12.7725
12.7725
12.7725
12.7725
12.7725
12.7725
12.7725
12.7725
12.7725
12.7725
12.7725
12.7725
12.7725
12.7725
12.7725
12.7725
12.7725
12.7725
12.7725
12.7725
12.7725
12.7725
12.7725
12.7725
12.7725
12.7725
12.7725
12.7725
12.7725
12.7725
12.7725
12.7725
12.7725
12.7725
12.7726
12.7726
12.7726
12.7726
12.7726
12.7726
12.7726
12.7726
12.7725
12.7725
12.7725
12.7725
12.7725
12.7725
12.7725
12.7725
12.7725
12.7725
12.7725
12.7725
12.7725
12.7725
12.7725
12.7725
12.7725
12.7725
12.7725
12.7725
12.7725
12.7725
12.7725
12.7725
12.7725
12.7725
12.7725
12.7725
12.7725
12.7725
12.7725
12.7725
12.7725
12.7725
12.7725
12.7725
12.7725
12.7725
12.7725
12.7725
12.7725
12.7725
12.7725
12.7725
12.7725
12.7725
12.7724
12.7724
12.7724
12.7724
12.7724
12.7724
12.7724
12.7724
12.7724
12.7724
12.7724
12.7724
12.7724
12.7724
12.7724
12.7724
12.7724
12.7724
12.7724
12.7724
12.7724
12.7724
12.7724
12.7724
12.7724
12.7724
12.7724
12.7724
12.7724
12.7724
12.7724
12.7724
12.7724
12.7724
12.7724
12.7724
12.7724
12.7724
12.7724
12.7724
12.7724
12.7724
12.7724
12.7724
12.7724
12.7724
12.7724
12.7724
12.7724
12.7724
12.7724
12.7724
12.7724
12.7724
12.7724
12.7724
12.7723
12.7723
12.7723
12.7723
12.7723
12.7723
12.7723
12.7723
12.7723
12.7723
12.7723
12.7723
12.7723
12.7723
12.7723
12.7723
12.7723
12.7723
12.7723
12.7722
12.7722
12.7722
12.7722
12.7722
12.7722
12.7722
12.7722
12.7722
12.7721
12.7721
12.7721
12.7721
12.7721
12.7721
12.7721
12.7721
12.7721
12.7721
12.7721
12.7721
12.7721
12.7721
12.7721
12.7721
12.7721
12.7721
12.7721
12.7721
12.7721
12.7721
12.7721
12.7721
12.7721
12.7721
12.7721
12.7721
12.7721
12.7721
12.7721
12.7721
12.7722
12.7722
12.7722
12.7722
12.7722
12.7722
12.7722
12.7722
12.7722
12.7722
12.7722
12.7722
12.7722
12.7721
12.7721
12.7721
12.7721
12.7721
12.772
12.772
12.772
12.772
12.7719
12.7718
12.7718
12.7717
12.7716
12.7715
12.7713
12.7711
12.7706
12.7697
12.7679
12.7645
12.7827
12.7819
12.7383
30.1468
27.5341
20.7434
18.7917
17.1222
16.1358
15.5116
15.0427
14.6418
14.2775
13.9408
13.6299
13.345
13.0869
12.8577
12.656
12.4809
12.3312
12.2049
12.0995
12.0124
11.941
11.8829
11.8357
11.7977
11.7672
11.7428
11.7234
11.7079
11.6957
11.6861
11.6785
11.6726
11.668
11.6645
11.6618
11.6597
11.6582
11.6572
11.6564
11.6559
11.6555
11.6553
11.6551
11.655
11.655
11.655
11.655
11.6551
11.6552
11.6552
11.6553
11.6554
11.6555
11.6555
11.6556
11.6557
11.6557
11.6558
11.6558
11.6559
11.6559
11.656
11.656
11.656
11.656
11.6561
11.6561
11.6561
11.6561
11.6562
11.6562
11.6562
11.6562
11.6562
11.6562
11.6563
11.6563
11.6563
11.6563
11.6563
11.6563
11.6563
11.6563
11.6563
11.6563
11.6563
11.6563
11.6564
11.6564
11.6564
11.6564
11.6564
11.6564
11.6564
11.6564
11.6564
11.6564
11.6564
11.6564
11.6564
11.6564
11.6565
11.6565
11.6565
11.6565
11.6565
11.6565
11.6565
11.6565
11.6565
11.6565
11.6565
11.6565
11.6565
11.6565
11.6565
11.6565
11.6565
11.6565
11.6565
11.6565
11.6565
11.6565
11.6565
11.6565
11.6566
11.6566
11.6566
11.6566
11.6566
11.6566
11.6566
11.6566
11.6566
11.6566
11.6566
11.6566
11.6566
11.6566
11.6566
11.6566
11.6566
11.6566
11.6566
11.6566
11.6566
11.6566
11.6566
11.6566
11.6566
11.6566
11.6567
11.6567
11.6567
11.6566
11.6566
11.6566
11.6566
11.6566
11.6566
11.6566
11.6566
11.6566
11.6566
11.6566
11.6566
11.6566
11.6566
11.6566
11.6566
11.6567
11.6567
11.6567
11.6567
11.6567
11.6567
11.6567
11.6567
11.6567
11.6567
11.6567
11.6567
11.6567
11.6567
11.6567
11.6567
11.6567
11.6566
11.6566
11.6567
11.6567
11.6567
11.6567
11.6567
11.6567
11.6567
11.6567
11.6567
11.6567
11.6567
11.6567
11.6567
11.6567
11.6567
11.6567
11.6567
11.6567
11.6567
11.6567
11.6567
11.6567
11.6567
11.6567
11.6567
11.6567
11.6567
11.6567
11.6567
11.6567
11.6567
11.6567
11.6567
11.6567
11.6567
11.6567
11.6567
11.6567
11.6567
11.6567
11.6567
11.6567
11.6567
11.6567
11.6567
11.6567
11.6567
11.6567
11.6567
11.6567
11.6567
11.6567
11.6567
11.6567
11.6567
11.6567
11.6567
11.6567
11.6567
11.6567
11.6567
11.6567
11.6567
11.6567
11.6567
11.6567
11.6567
11.6567
11.6567
11.6567
11.6567
11.6567
11.6567
11.6567
11.6567
11.6567
11.6567
11.6567
11.6567
11.6567
11.6567
11.6567
11.6567
11.6567
11.6567
11.6567
11.6567
11.6567
11.6567
11.6567
11.6567
11.6567
11.6567
11.6567
11.6567
11.6567
11.6567
11.6567
11.6567
11.6567
11.6567
11.6567
11.6567
11.6567
11.6567
11.6567
11.6567
11.6567
11.6567
11.6567
11.6567
11.6567
11.6567
11.6567
11.6567
11.6567
11.6567
11.6567
11.6567
11.6567
11.6567
11.6567
11.6567
11.6567
11.6567
11.6567
11.6567
11.6567
11.6567
11.6567
11.6567
11.6567
11.6567
11.6567
11.6567
11.6567
11.6567
11.6567
11.6567
11.6567
11.6567
11.6567
11.6567
11.6567
11.6567
11.6567
11.6567
11.6567
11.6567
11.6567
11.6567
11.6567
11.6567
11.6566
11.6566
11.6566
11.6566
11.6566
11.6566
11.6566
11.6566
11.6566
11.6566
11.6566
11.6566
11.6566
11.6566
11.6566
11.6566
11.6566
11.6566
11.6566
11.6566
11.6566
11.6566
11.6566
11.6566
11.6566
11.6566
11.6566
11.6566
11.6566
11.6566
11.6566
11.6566
11.6566
11.6566
11.6566
11.6566
11.6566
11.6566
11.6566
11.6566
11.6566
11.6566
11.6566
11.6566
11.6566
11.6566
11.6566
11.6566
11.6566
11.6566
11.6566
11.6566
11.6566
11.6565
11.6565
11.6565
11.6565
11.6565
11.6565
11.6565
11.6565
11.6565
11.6565
11.6565
11.6565
11.6565
11.6565
11.6565
11.6565
11.6565
11.6565
11.6565
11.6565
11.6565
11.6564
11.6564
11.6564
11.6564
11.6564
11.6564
11.6564
11.6564
11.6564
11.6564
11.6564
11.6563
11.6563
11.6563
11.6563
11.6563
11.6563
11.6563
11.6563
11.6563
11.6563
11.6563
11.6563
11.6563
11.6563
11.6563
11.6563
11.6563
11.6563
11.6563
11.6563
11.6563
11.6563
11.6563
11.6563
11.6563
11.6563
11.6563
11.6563
11.6563
11.6563
11.6563
11.6563
11.6563
11.6563
11.6563
11.6563
11.6563
11.6563
11.6563
11.6564
11.6564
11.6564
11.6564
11.6564
11.6564
11.6563
11.6563
11.6563
11.6563
11.6563
11.6563
11.6562
11.6562
11.6562
11.6562
11.6562
11.6561
11.6561
11.656
11.656
11.6559
11.6558
11.6557
11.6555
11.6553
11.6548
11.654
11.6525
11.6498
11.6644
11.669
11.653
30.1468
27.5341
20.7434
18.7917
17.1222
16.1358
15.5116
15.0427
14.6418
14.2775
13.9408
13.6299
13.345
13.0869
12.8577
12.656
12.4809
12.3312
12.2049
12.0995
12.0124
11.941
11.8829
11.8357
11.7977
11.7672
11.7428
11.7234
11.7079
11.6957
11.6861
11.6785
11.6726
11.668
11.6645
11.6618
11.6597
11.6582
11.6572
11.6564
11.6559
11.6555
11.6553
11.6551
11.655
11.655
11.655
11.655
11.6551
11.6552
11.6552
11.6553
11.6554
11.6555
11.6555
11.6556
11.6557
11.6557
11.6558
11.6558
11.6559
11.6559
11.656
11.656
11.656
11.656
11.6561
11.6561
11.6561
11.6561
11.6562
11.6562
11.6562
11.6562
11.6562
11.6562
11.6563
11.6563
11.6563
11.6563
11.6563
11.6563
11.6563
11.6563
11.6563
11.6563
11.6563
11.6563
11.6564
11.6564
11.6564
11.6564
11.6564
11.6564
11.6564
11.6564
11.6564
11.6564
11.6564
11.6564
11.6564
11.6564
11.6565
11.6565
11.6565
11.6565
11.6565
11.6565
11.6565
11.6565
11.6565
11.6565
11.6565
11.6565
11.6565
11.6565
11.6565
11.6565
11.6565
11.6565
11.6565
11.6565
11.6565
11.6565
11.6565
11.6565
11.6566
11.6566
11.6566
11.6566
11.6566
11.6566
11.6566
11.6566
11.6566
11.6566
11.6566
11.6566
11.6566
11.6566
11.6566
11.6566
11.6566
11.6566
11.6566
11.6566
11.6566
11.6566
11.6566
11.6566
11.6566
11.6566
11.6566
11.6567
11.6566
11.6566
11.6566
11.6566
11.6566
11.6566
11.6566
11.6566
11.6566
11.6566
11.6566
11.6566
11.6566
11.6566
11.6566
11.6566
11.6566
11.6567
11.6567
11.6567
11.6567
11.6567
11.6567
11.6567
11.6567
11.6567
11.6567
11.6567
11.6567
11.6567
11.6567
11.6567
11.6567
11.6567
11.6566
11.6566
11.6567
11.6567
11.6567
11.6567
11.6567
11.6567
11.6567
11.6567
11.6567
11.6567
11.6567
11.6567
11.6567
11.6567
11.6567
11.6567
11.6567
11.6567
11.6567
11.6567
11.6567
11.6567
11.6567
11.6567
11.6567
11.6567
11.6567
11.6567
11.6567
11.6567
11.6567
11.6567
11.6567
11.6567
11.6567
11.6567
11.6567
11.6567
11.6567
11.6567
11.6567
11.6567
11.6567
11.6567
11.6567
11.6567
11.6567
11.6567
11.6567
11.6567
11.6567
11.6567
11.6567
11.6567
11.6567
11.6567
11.6567
11.6567
11.6567
11.6567
11.6567
11.6567
11.6567
11.6567
11.6567
11.6567
11.6567
11.6567
11.6567
11.6567
11.6567
11.6567
11.6567
11.6567
11.6567
11.6567
11.6567
11.6567
11.6567
11.6567
11.6567
11.6567
11.6567
11.6567
11.6567
11.6567
11.6567
11.6567
11.6567
11.6567
11.6567
11.6567
11.6567
11.6567
11.6567
11.6567
11.6567
11.6567
11.6567
11.6567
11.6567
11.6567
11.6567
11.6567
11.6567
11.6567
11.6567
11.6567
11.6567
11.6567
11.6567
11.6567
11.6567
11.6567
11.6567
11.6567
11.6567
11.6567
11.6567
11.6567
11.6567
11.6567
11.6567
11.6567
11.6567
11.6567
11.6567
11.6567
11.6567
11.6567
11.6567
11.6567
11.6567
11.6567
11.6567
11.6567
11.6567
11.6567
11.6567
11.6567
11.6567
11.6567
11.6567
11.6567
11.6567
11.6567
11.6567
11.6567
11.6567
11.6567
11.6567
11.6567
11.6566
11.6566
11.6566
11.6566
11.6566
11.6566
11.6566
11.6566
11.6566
11.6566
11.6566
11.6566
11.6566
11.6566
11.6566
11.6566
11.6566
11.6566
11.6566
11.6566
11.6566
11.6566
11.6566
11.6566
11.6566
11.6566
11.6566
11.6566
11.6566
11.6566
11.6566
11.6566
11.6566
11.6566
11.6566
11.6566
11.6566
11.6566
11.6566
11.6566
11.6566
11.6566
11.6566
11.6566
11.6566
11.6566
11.6566
11.6566
11.6566
11.6566
11.6566
11.6566
11.6566
11.6565
11.6565
11.6565
11.6565
11.6565
11.6565
11.6565
11.6565
11.6565
11.6565
11.6565
11.6565
11.6565
11.6565
11.6565
11.6565
11.6565
11.6565
11.6565
11.6565
11.6565
11.6565
11.6564
11.6564
11.6564
11.6564
11.6564
11.6564
11.6564
11.6564
11.6564
11.6564
11.6564
11.6563
11.6563
11.6563
11.6563
11.6563
11.6563
11.6563
11.6563
11.6563
11.6563
11.6563
11.6563
11.6563
11.6563
11.6563
11.6563
11.6563
11.6563
11.6563
11.6563
11.6563
11.6563
11.6563
11.6563
11.6563
11.6563
11.6563
11.6563
11.6563
11.6563
11.6563
11.6563
11.6563
11.6563
11.6563
11.6563
11.6563
11.6563
11.6563
11.6564
11.6564
11.6564
11.6564
11.6564
11.6564
11.6563
11.6563
11.6563
11.6563
11.6563
11.6563
11.6563
11.6562
11.6562
11.6562
11.6562
11.6561
11.6561
11.656
11.656
11.6559
11.6558
11.6557
11.6555
11.6553
11.6549
11.654
11.6525
11.6498
11.6644
11.6689
11.653
32.5016
30.5639
23.2765
20.8665
18.7689
17.5109
16.7406
16.1959
15.755
15.3691
15.0209
14.7045
14.4181
14.1613
13.9335
13.7341
13.5621
13.416
13.2929
13.1905
13.1061
13.037
12.981
12.9358
12.8996
12.8707
12.8477
12.8295
12.8152
12.8041
12.7953
12.7886
12.7834
12.7795
12.7765
12.7743
12.7727
12.7715
12.7707
12.7702
12.7698
12.7697
12.7696
12.7696
12.7697
12.7699
12.77
12.7702
12.7703
12.7705
12.7706
12.7708
12.7709
12.771
12.7711
12.7712
12.7713
12.7714
12.7715
12.7716
12.7716
12.7717
12.7717
12.7718
12.7718
12.7718
12.7719
12.7719
12.7719
12.772
12.772
12.772
12.772
12.772
12.7721
12.7721
12.7721
12.7721
12.7721
12.7721
12.7721
12.7721
12.7721
12.7721
12.7722
12.7722
12.7722
12.7722
12.7722
12.7722
12.7722
12.7722
12.7722
12.7722
12.7722
12.7722
12.7723
12.7723
12.7723
12.7723
12.7723
12.7723
12.7723
12.7723
12.7723
12.7723
12.7723
12.7723
12.7723
12.7723
12.7723
12.7723
12.7723
12.7723
12.7723
12.7723
12.7723
12.7723
12.7724
12.7724
12.7724
12.7724
12.7724
12.7724
12.7724
12.7724
12.7724
12.7724
12.7724
12.7724
12.7724
12.7724
12.7724
12.7724
12.7724
12.7724
12.7724
12.7724
12.7724
12.7724
12.7724
12.7724
12.7724
12.7725
12.7725
12.7725
12.7725
12.7725
12.7725
12.7725
12.7725
12.7725
12.7725
12.7725
12.7725
12.7725
12.7725
12.7725
12.7725
12.7725
12.7725
12.7725
12.7725
12.7725
12.7725
12.7725
12.7725
12.7725
12.7725
12.7725
12.7725
12.7725
12.7725
12.7725
12.7725
12.7725
12.7725
12.7725
12.7725
12.7725
12.7725
12.7725
12.7725
12.7725
12.7725
12.7725
12.7725
12.7725
12.7725
12.7725
12.7725
12.7725
12.7725
12.7725
12.7725
12.7725
12.7725
12.7725
12.7725
12.7725
12.7725
12.7725
12.7725
12.7725
12.7725
12.7725
12.7725
12.7725
12.7725
12.7725
12.7725
12.7725
12.7725
12.7725
12.7725
12.7725
12.7725
12.7725
12.7725
12.7725
12.7725
12.7725
12.7725
12.7725
12.7725
12.7725
12.7725
12.7725
12.7725
12.7725
12.7726
12.7726
12.7726
12.7726
12.7726
12.7726
12.7726
12.7726
12.7726
12.7726
12.7726
12.7726
12.7726
12.7726
12.7726
12.7726
12.7726
12.7726
12.7726
12.7726
12.7726
12.7726
12.7726
12.7726
12.7726
12.7726
12.7726
12.7725
12.7725
12.7725
12.7725
12.7725
12.7725
12.7725
12.7725
12.7725
12.7725
12.7725
12.7725
12.7725
12.7725
12.7725
12.7725
12.7725
12.7725
12.7725
12.7725
12.7725
12.7725
12.7725
12.7725
12.7725
12.7725
12.7725
12.7725
12.7725
12.7725
12.7725
12.7725
12.7725
12.7725
12.7725
12.7725
12.7726
12.7726
12.7726
12.7726
12.7726
12.7726
12.7726
12.7725
12.7725
12.7725
12.7725
12.7725
12.7725
12.7725
12.7725
12.7725
12.7725
12.7725
12.7725
12.7725
12.7725
12.7725
12.7725
12.7725
12.7725
12.7725
12.7725
12.7725
12.7725
12.7725
12.7725
12.7725
12.7725
12.7725
12.7725
12.7725
12.7725
12.7725
12.7725
12.7725
12.7725
12.7725
12.7725
12.7725
12.7725
12.7725
12.7725
12.7725
12.7725
12.7725
12.7725
12.7725
12.7725
12.7725
12.7724
12.7724
12.7724
12.7724
12.7724
12.7724
12.7724
12.7724
12.7724
12.7724
12.7724
12.7724
12.7724
12.7724
12.7724
12.7724
12.7724
12.7724
12.7724
12.7724
12.7724
12.7724
12.7724
12.7724
12.7724
12.7724
12.7724
12.7724
12.7724
12.7724
12.7724
12.7724
12.7724
12.7724
12.7724
12.7724
12.7724
12.7724
12.7724
12.7724
12.7724
12.7724
12.7724
12.7724
12.7724
12.7724
12.7724
12.7724
12.7724
12.7724
12.7724
12.7724
12.7724
12.7724
12.7724
12.7724
12.7723
12.7723
12.7723
12.7723
12.7723
12.7723
12.7723
12.7723
12.7723
12.7723
12.7723
12.7723
12.7723
12.7723
12.7723
12.7723
12.7723
12.7723
12.7723
12.7722
12.7722
12.7722
12.7722
12.7722
12.7722
12.7722
12.7722
12.7722
12.7721
12.7721
12.7721
12.7721
12.7721
12.7721
12.7721
12.7721
12.7721
12.7721
12.7721
12.7721
12.7721
12.7721
12.7721
12.7721
12.7721
12.7721
12.7721
12.7721
12.7721
12.7721
12.7721
12.7721
12.7721
12.7721
12.7721
12.7721
12.7721
12.7721
12.7721
12.7721
12.7722
12.7722
12.7722
12.7722
12.7722
12.7722
12.7722
12.7722
12.7722
12.7722
12.7722
12.7722
12.7722
12.7721
12.7721
12.7721
12.7721
12.7721
12.772
12.772
12.772
12.772
12.7719
12.7718
12.7718
12.7717
12.7716
12.7715
12.7713
12.7711
12.7706
12.7697
12.7679
12.7645
12.7827
12.7818
12.7382
33.8157
32.2564
24.7174
22.0942
19.7584
18.3353
17.4721
16.8786
16.4119
16.0124
15.6571
15.3378
15.0511
14.7957
14.5704
14.3741
14.2053
14.062
13.9419
13.8423
13.7605
13.6939
13.64
13.5967
13.5621
13.5346
13.513
13.496
13.4828
13.4725
13.4647
13.4587
13.4542
13.4508
13.4484
13.4466
13.4454
13.4446
13.4441
13.4438
13.4437
13.4438
13.4439
13.444
13.4442
13.4445
13.4447
13.4449
13.4451
13.4454
13.4456
13.4458
13.4459
13.4461
13.4463
13.4464
13.4465
13.4466
13.4467
13.4468
13.4469
13.4469
13.447
13.4471
13.4471
13.4471
13.4472
13.4472
13.4472
13.4473
13.4473
13.4473
13.4473
13.4474
13.4474
13.4474
13.4474
13.4474
13.4474
13.4474
13.4475
13.4475
13.4475
13.4475
13.4475
13.4475
13.4475
13.4475
13.4475
13.4475
13.4475
13.4476
13.4476
13.4476
13.4476
13.4476
13.4476
13.4476
13.4476
13.4476
13.4476
13.4476
13.4476
13.4476
13.4476
13.4476
13.4476
13.4477
13.4477
13.4477
13.4477
13.4477
13.4477
13.4477
13.4477
13.4477
13.4477
13.4477
13.4477
13.4477
13.4477
13.4477
13.4477
13.4477
13.4477
13.4477
13.4477
13.4477
13.4477
13.4477
13.4478
13.4478
13.4478
13.4478
13.4478
13.4478
13.4478
13.4478
13.4478
13.4478
13.4478
13.4478
13.4478
13.4478
13.4478
13.4478
13.4478
13.4478
13.4478
13.4478
13.4478
13.4478
13.4478
13.4478
13.4478
13.4478
13.4478
13.4478
13.4478
13.4478
13.4478
13.4478
13.4478
13.4478
13.4478
13.4478
13.4478
13.4478
13.4478
13.4478
13.4478
13.4478
13.4478
13.4478
13.4479
13.4479
13.4479
13.4479
13.4479
13.4479
13.4479
13.4479
13.4479
13.4479
13.4479
13.4479
13.4478
13.4478
13.4478
13.4478
13.4478
13.4478
13.4479
13.4479
13.4479
13.4479
13.4479
13.4479
13.4479
13.4479
13.4479
13.4479
13.4479
13.4479
13.4479
13.4479
13.4479
13.4479
13.4479
13.4479
13.4479
13.4479
13.4479
13.4479
13.4479
13.4479
13.4479
13.4479
13.4479
13.4479
13.4479
13.4479
13.4479
13.4479
13.4479
13.4479
13.4479
13.4479
13.4479
13.4479
13.4479
13.4479
13.4479
13.4479
13.4479
13.4479
13.4479
13.4479
13.4479
13.4479
13.4479
13.4479
13.4479
13.4479
13.4479
13.4479
13.4479
13.4479
13.4479
13.4479
13.4479
13.4479
13.4479
13.4479
13.4479
13.4479
13.4479
13.4479
13.4479
13.4479
13.4479
13.4479
13.4479
13.4479
13.4479
13.4479
13.4479
13.4479
13.4479
13.4479
13.4479
13.4479
13.4479
13.4479
13.4479
13.4479
13.4479
13.4479
13.4479
13.4479
13.4479
13.4479
13.4479
13.4479
13.4479
13.4479
13.4479
13.4479
13.4479
13.4479
13.4479
13.4479
13.4479
13.4479
13.4479
13.4479
13.4479
13.4479
13.4479
13.4479
13.4479
13.4479
13.4479
13.4479
13.4479
13.4479
13.4479
13.4479
13.4479
13.4479
13.4479
13.4479
13.4479
13.4479
13.4479
13.4479
13.4478
13.4478
13.4478
13.4479
13.4479
13.4479
13.4479
13.4479
13.4479
13.4479
13.4479
13.4479
13.4479
13.4479
13.4479
13.4479
13.4479
13.4479
13.4479
13.4479
13.4479
13.4479
13.4479
13.4479
13.4479
13.4479
13.4478
13.4478
13.4478
13.4478
13.4478
13.4478
13.4478
13.4478
13.4478
13.4478
13.4478
13.4478
13.4478
13.4478
13.4477
13.4477
13.4477
13.4477
13.4477
13.4477
13.4477
13.4477
13.4477
13.4477
13.4477
13.4477
13.4477
13.4477
13.4478
13.4478
13.4478
13.4477
13.4477
13.4477
13.4477
13.4477
13.4478
13.4478
13.4478
13.4478
13.4478
13.4478
13.4478
13.4478
13.4478
13.4478
13.4477
13.4477
13.4477
13.4477
13.4477
13.4477
13.4477
13.4477
13.4477
13.4477
13.4477
13.4477
13.4477
13.4477
13.4477
13.4477
13.4477
13.4477
13.4477
13.4477
13.4477
13.4477
13.4477
13.4477
13.4477
13.4477
13.4476
13.4476
13.4476
13.4476
13.4476
13.4476
13.4476
13.4476
13.4476
13.4476
13.4476
13.4476
13.4475
13.4475
13.4475
13.4475
13.4475
13.4475
13.4475
13.4475
13.4475
13.4475
13.4475
13.4475
13.4475
13.4475
13.4475
13.4475
13.4475
13.4474
13.4474
13.4474
13.4474
13.4474
13.4474
13.4474
13.4474
13.4474
13.4474
13.4474
13.4474
13.4474
13.4474
13.4474
13.4475
13.4475
13.4475
13.4475
13.4475
13.4475
13.4475
13.4475
13.4475
13.4475
13.4475
13.4475
13.4475
13.4475
13.4475
13.4475
13.4475
13.4475
13.4475
13.4475
13.4474
13.4474
13.4474
13.4474
13.4473
13.4473
13.4473
13.4472
13.4472
13.4471
13.447
13.4469
13.4468
13.4466
13.4464
13.4459
13.445
13.443
13.4389
13.4603
13.459
13.4032
33.8157
32.2564
24.7174
22.0942
19.7584
18.3353
17.4721
16.8786
16.4119
16.0124
15.6571
15.3378
15.0511
14.7957
14.5704
14.3741
14.2053
14.062
13.9419
13.8423
13.7605
13.6939
13.64
13.5967
13.5621
13.5346
13.513
13.496
13.4828
13.4725
13.4647
13.4587
13.4542
13.4508
13.4484
13.4466
13.4454
13.4446
13.4441
13.4438
13.4437
13.4438
13.4439
13.444
13.4442
13.4445
13.4447
13.4449
13.4451
13.4454
13.4456
13.4458
13.4459
13.4461
13.4463
13.4464
13.4465
13.4466
13.4467
13.4468
13.4469
13.4469
13.447
13.4471
13.4471
13.4471
13.4472
13.4472
13.4472
13.4473
13.4473
13.4473
13.4473
13.4474
13.4474
13.4474
13.4474
13.4474
13.4474
13.4474
13.4475
13.4475
13.4475
13.4475
13.4475
13.4475
13.4475
13.4475
13.4475
13.4475
13.4475
13.4476
13.4476
13.4476
13.4476
13.4476
13.4476
13.4476
13.4476
13.4476
13.4476
13.4476
13.4476
13.4476
13.4476
13.4476
13.4476
13.4477
13.4477
13.4477
13.4477
13.4477
13.4477
13.4477
13.4477
13.4477
13.4477
13.4477
13.4477
13.4477
13.4477
13.4477
13.4477
13.4477
13.4477
13.4477
13.4477
13.4477
13.4477
13.4477
13.4478
13.4478
13.4478
13.4478
13.4478
13.4478
13.4478
13.4478
13.4478
13.4478
13.4478
13.4478
13.4478
13.4478
13.4478
13.4478
13.4478
13.4478
13.4478
13.4478
13.4478
13.4478
13.4478
13.4478
13.4478
13.4478
13.4478
13.4478
13.4478
13.4478
13.4478
13.4478
13.4478
13.4478
13.4478
13.4478
13.4478
13.4478
13.4478
13.4478
13.4478
13.4478
13.4478
13.4479
13.4479
13.4479
13.4479
13.4479
13.4479
13.4479
13.4479
13.4479
13.4479
13.4479
13.4479
13.4479
13.4478
13.4478
13.4478
13.4478
13.4478
13.4478
13.4479
13.4479
13.4479
13.4479
13.4479
13.4479
13.4479
13.4479
13.4479
13.4479
13.4479
13.4479
13.4479
13.4479
13.4479
13.4479
13.4479
13.4479
13.4479
13.4479
13.4479
13.4479
13.4479
13.4479
13.4479
13.4479
13.4479
13.4479
13.4479
13.4479
13.4479
13.4479
13.4479
13.4479
13.4479
13.4479
13.4479
13.4479
13.4479
13.4479
13.4479
13.4479
13.4479
13.4479
13.4479
13.4479
13.4479
13.4479
13.4479
13.4479
13.4479
13.4479
13.4479
13.4479
13.4479
13.4479
13.4479
13.4479
13.4479
13.4479
13.4479
13.4479
13.4479
13.4479
13.4479
13.4479
13.4479
13.4479
13.4479
13.4479
13.4479
13.4479
13.4479
13.4479
13.4479
13.4479
13.4479
13.4479
13.4479
13.4479
13.4479
13.4479
13.4479
13.4479
13.4479
13.4479
13.4479
13.4479
13.4479
13.4479
13.4479
13.4479
13.4479
13.4479
13.4479
13.4479
13.4479
13.4479
13.4479
13.4479
13.4479
13.4479
13.4479
13.4479
13.4479
13.4479
13.4479
13.4479
13.4479
13.4479
13.4479
13.4479
13.4479
13.4479
13.4479
13.4479
13.4479
13.4479
13.4479
13.4479
13.4479
13.4479
13.4479
13.4479
13.4478
13.4478
13.4478
13.4478
13.4479
13.4479
13.4479
13.4479
13.4479
13.4479
13.4479
13.4479
13.4479
13.4479
13.4479
13.4479
13.4479
13.4479
13.4479
13.4479
13.4479
13.4479
13.4479
13.4479
13.4479
13.4479
13.4478
13.4478
13.4478
13.4478
13.4478
13.4478
13.4478
13.4478
13.4478
13.4478
13.4478
13.4478
13.4478
13.4478
13.4477
13.4477
13.4477
13.4477
13.4477
13.4477
13.4477
13.4477
13.4477
13.4477
13.4477
13.4477
13.4477
13.4478
13.4478
13.4478
13.4478
13.4477
13.4477
13.4477
13.4477
13.4477
13.4478
13.4478
13.4478
13.4478
13.4478
13.4478
13.4478
13.4478
13.4478
13.4478
13.4477
13.4477
13.4477
13.4477
13.4477
13.4477
13.4477
13.4477
13.4477
13.4477
13.4477
13.4477
13.4477
13.4477
13.4477
13.4477
13.4477
13.4477
13.4477
13.4477
13.4477
13.4477
13.4477
13.4477
13.4477
13.4477
13.4476
13.4476
13.4476
13.4476
13.4476
13.4476
13.4476
13.4476
13.4476
13.4476
13.4476
13.4476
13.4475
13.4475
13.4475
13.4475
13.4475
13.4475
13.4475
13.4475
13.4475
13.4475
13.4475
13.4475
13.4475
13.4475
13.4475
13.4475
13.4474
13.4474
13.4474
13.4474
13.4474
13.4474
13.4474
13.4474
13.4474
13.4474
13.4474
13.4474
13.4474
13.4474
13.4474
13.4474
13.4475
13.4475
13.4475
13.4475
13.4475
13.4475
13.4475
13.4475
13.4475
13.4475
13.4475
13.4475
13.4475
13.4475
13.4475
13.4475
13.4475
13.4475
13.4475
13.4475
13.4474
13.4474
13.4474
13.4474
13.4473
13.4473
13.4473
13.4472
13.4472
13.4471
13.447
13.4469
13.4468
13.4467
13.4464
13.446
13.445
13.443
13.4389
13.4603
13.459
13.4032
32.5016
30.5639
23.2765
20.8665
18.7689
17.5109
16.7406
16.1959
15.755
15.3691
15.0209
14.7045
14.4181
14.1613
13.9335
13.7341
13.5621
13.416
13.2929
13.1905
13.1061
13.037
12.981
12.9358
12.8996
12.8707
12.8477
12.8295
12.8152
12.8041
12.7953
12.7886
12.7834
12.7795
12.7765
12.7743
12.7727
12.7715
12.7707
12.7702
12.7698
12.7697
12.7696
12.7696
12.7697
12.7699
12.77
12.7702
12.7703
12.7705
12.7706
12.7708
12.7709
12.771
12.7711
12.7712
12.7713
12.7714
12.7715
12.7716
12.7716
12.7717
12.7717
12.7718
12.7718
12.7718
12.7719
12.7719
12.7719
12.772
12.772
12.772
12.772
12.772
12.772
12.7721
12.7721
12.7721
12.7721
12.7721
12.7721
12.7721
12.7721
12.7721
12.7722
12.7722
12.7722
12.7722
12.7722
12.7722
12.7722
12.7722
12.7722
12.7722
12.7722
12.7722
12.7723
12.7723
12.7723
12.7723
12.7723
12.7723
12.7723
12.7723
12.7723
12.7723
12.7723
12.7723
12.7723
12.7723
12.7723
12.7723
12.7723
12.7723
12.7723
12.7723
12.7723
12.7723
12.7724
12.7724
12.7724
12.7724
12.7724
12.7724
12.7724
12.7724
12.7724
12.7724
12.7724
12.7724
12.7724
12.7724
12.7724
12.7724
12.7724
12.7724
12.7724
12.7724
12.7724
12.7724
12.7724
12.7724
12.7725
12.7725
12.7725
12.7725
12.7725
12.7725
12.7725
12.7725
12.7725
12.7725
12.7725
12.7725
12.7725
12.7725
12.7725
12.7725
12.7725
12.7725
12.7725
12.7725
12.7725
12.7725
12.7725
12.7725
12.7725
12.7725
12.7725
12.7725
12.7725
12.7725
12.7725
12.7725
12.7725
12.7725
12.7725
12.7725
12.7725
12.7725
12.7725
12.7725
12.7725
12.7725
12.7725
12.7725
12.7725
12.7725
12.7725
12.7725
12.7725
12.7725
12.7725
12.7725
12.7725
12.7725
12.7725
12.7725
12.7725
12.7725
12.7725
12.7725
12.7725
12.7725
12.7725
12.7725
12.7725
12.7725
12.7725
12.7725
12.7725
12.7725
12.7725
12.7725
12.7725
12.7725
12.7725
12.7725
12.7725
12.7725
12.7725
12.7725
12.7725
12.7725
12.7725
12.7725
12.7725
12.7725
12.7725
12.7725
12.7726
12.7726
12.7726
12.7726
12.7726
12.7726
12.7726
12.7726
12.7726
12.7726
12.7726
12.7726
12.7726
12.7726
12.7726
12.7726
12.7726
12.7726
12.7726
12.7726
12.7726
12.7726
12.7726
12.7726
12.7726
12.7726
12.7726
12.7725
12.7725
12.7725
12.7725
12.7725
12.7725
12.7725
12.7725
12.7725
12.7725
12.7725
12.7725
12.7725
12.7725
12.7725
12.7725
12.7725
12.7725
12.7725
12.7725
12.7725
12.7725
12.7725
12.7725
12.7725
12.7725
12.7725
12.7725
12.7725
12.7725
12.7725
12.7725
12.7725
12.7725
12.7725
12.7725
12.7726
12.7726
12.7726
12.7726
12.7726
12.7726
12.7725
12.7725
12.7725
12.7725
12.7725
12.7725
12.7725
12.7725
12.7725
12.7725
12.7725
12.7725
12.7725
12.7725
12.7725
12.7725
12.7725
12.7725
12.7725
12.7725
12.7725
12.7725
12.7725
12.7725
12.7725
12.7725
12.7725
12.7725
12.7725
12.7725
12.7725
12.7725
12.7725
12.7725
12.7725
12.7725
12.7725
12.7725
12.7725
12.7725
12.7725
12.7725
12.7725
12.7725
12.7725
12.7725
12.7725
12.7725
12.7724
12.7724
12.7724
12.7724
12.7724
12.7724
12.7724
12.7724
12.7724
12.7724
12.7724
12.7724
12.7724
12.7724
12.7724
12.7724
12.7724
12.7724
12.7724
12.7724
12.7724
12.7724
12.7724
12.7724
12.7724
12.7724
12.7724
12.7724
12.7724
12.7724
12.7724
12.7724
12.7724
12.7724
12.7724
12.7724
12.7724
12.7724
12.7724
12.7724
12.7724
12.7724
12.7724
12.7724
12.7724
12.7724
12.7724
12.7724
12.7724
12.7724
12.7724
12.7724
12.7724
12.7724
12.7724
12.7724
12.7723
12.7723
12.7723
12.7723
12.7723
12.7723
12.7723
12.7723
12.7723
12.7723
12.7723
12.7723
12.7723
12.7723
12.7723
12.7723
12.7723
12.7723
12.7723
12.7722
12.7722
12.7722
12.7722
12.7722
12.7722
12.7722
12.7722
12.7722
12.7722
12.7721
12.7721
12.7721
12.7721
12.7721
12.7721
12.7721
12.7721
12.7721
12.7721
12.7721
12.7721
12.7721
12.7721
12.7721
12.7721
12.7721
12.7721
12.7721
12.7721
12.7721
12.7721
12.7721
12.7721
12.7721
12.7721
12.7721
12.7721
12.7721
12.7721
12.7721
12.7722
12.7722
12.7722
12.7722
12.7722
12.7722
12.7722
12.7722
12.7722
12.7722
12.7722
12.7722
12.7722
12.7721
12.7721
12.7721
12.7721
12.7721
12.772
12.772
12.772
12.772
12.7719
12.7718
12.7718
12.7717
12.7716
12.7715
12.7713
12.7711
12.7706
12.7697
12.7679
12.7645
12.7827
12.7818
12.7382
30.1468
27.5341
20.7434
18.7917
17.1222
16.1358
15.5116
15.0427
14.6418
14.2775
13.9408
13.6299
13.345
13.0869
12.8577
12.656
12.4809
12.3312
12.2049
12.0995
12.0124
11.941
11.8829
11.8357
11.7977
11.7672
11.7428
11.7234
11.7079
11.6957
11.6861
11.6785
11.6726
11.668
11.6645
11.6618
11.6597
11.6582
11.6572
11.6564
11.6559
11.6555
11.6553
11.6551
11.655
11.655
11.655
11.655
11.6551
11.6552
11.6552
11.6553
11.6554
11.6555
11.6555
11.6556
11.6557
11.6557
11.6558
11.6558
11.6559
11.6559
11.656
11.656
11.656
11.656
11.6561
11.6561
11.6561
11.6561
11.6562
11.6562
11.6562
11.6562
11.6562
11.6562
11.6562
11.6563
11.6563
11.6563
11.6563
11.6563
11.6563
11.6563
11.6563
11.6563
11.6563
11.6563
11.6564
11.6564
11.6564
11.6564
11.6564
11.6564
11.6564
11.6564
11.6564
11.6564
11.6564
11.6564
11.6564
11.6564
11.6565
11.6565
11.6565
11.6565
11.6565
11.6565
11.6565
11.6565
11.6565
11.6565
11.6565
11.6565
11.6565
11.6565
11.6565
11.6565
11.6565
11.6565
11.6565
11.6565
11.6565
11.6565
11.6565
11.6565
11.6565
11.6566
11.6566
11.6566
11.6566
11.6566
11.6566
11.6566
11.6566
11.6566
11.6566
11.6566
11.6566
11.6566
11.6566
11.6566
11.6566
11.6566
11.6566
11.6566
11.6566
11.6566
11.6566
11.6566
11.6566
11.6566
11.6566
11.6566
11.6566
11.6566
11.6566
11.6566
11.6566
11.6566
11.6566
11.6566
11.6566
11.6566
11.6566
11.6566
11.6566
11.6566
11.6566
11.6567
11.6567
11.6567
11.6567
11.6567
11.6567
11.6567
11.6567
11.6567
11.6567
11.6567
11.6567
11.6567
11.6567
11.6567
11.6567
11.6567
11.6567
11.6567
11.6567
11.6567
11.6567
11.6567
11.6567
11.6567
11.6567
11.6567
11.6567
11.6567
11.6567
11.6567
11.6567
11.6567
11.6567
11.6567
11.6567
11.6567
11.6567
11.6567
11.6567
11.6567
11.6567
11.6567
11.6567
11.6567
11.6567
11.6567
11.6567
11.6567
11.6567
11.6567
11.6567
11.6567
11.6567
11.6567
11.6567
11.6567
11.6567
11.6567
11.6567
11.6567
11.6567
11.6567
11.6567
11.6567
11.6567
11.6567
11.6567
11.6567
11.6567
11.6567
11.6567
11.6567
11.6567
11.6567
11.6567
11.6567
11.6567
11.6567
11.6567
11.6567
11.6567
11.6567
11.6567
11.6567
11.6567
11.6567
11.6567
11.6567
11.6567
11.6567
11.6567
11.6567
11.6567
11.6567
11.6567
11.6567
11.6567
11.6567
11.6567
11.6567
11.6567
11.6567
11.6567
11.6567
11.6567
11.6567
11.6567
11.6567
11.6567
11.6567
11.6567
11.6567
11.6567
11.6567
11.6567
11.6567
11.6567
11.6567
11.6567
11.6567
11.6567
11.6567
11.6567
11.6567
11.6567
11.6567
11.6567
11.6567
11.6567
11.6567
11.6567
11.6567
11.6567
11.6567
11.6567
11.6567
11.6567
11.6567
11.6567
11.6567
11.6567
11.6567
11.6567
11.6567
11.6567
11.6567
11.6566
11.6566
11.6567
11.6567
11.6567
11.6567
11.6567
11.6567
11.6567
11.6567
11.6567
11.6567
11.6567
11.6567
11.6567
11.6567
11.6567
11.6567
11.6567
11.6567
11.6567
11.6567
11.6567
11.6567
11.6567
11.6567
11.6566
11.6566
11.6566
11.6566
11.6566
11.6566
11.6566
11.6566
11.6566
11.6566
11.6566
11.6566
11.6566
11.6566
11.6566
11.6566
11.6566
11.6566
11.6566
11.6566
11.6566
11.6566
11.6566
11.6566
11.6566
11.6566
11.6566
11.6566
11.6566
11.6566
11.6566
11.6566
11.6566
11.6566
11.6566
11.6566
11.6566
11.6566
11.6566
11.6566
11.6566
11.6566
11.6566
11.6566
11.6566
11.6566
11.6566
11.6566
11.6566
11.6566
11.6566
11.6566
11.6565
11.6565
11.6565
11.6565
11.6565
11.6565
11.6565
11.6565
11.6565
11.6565
11.6565
11.6565
11.6565
11.6565
11.6565
11.6565
11.6565
11.6565
11.6565
11.6565
11.6565
11.6565
11.6565
11.6564
11.6564
11.6564
11.6564
11.6564
11.6564
11.6564
11.6564
11.6564
11.6564
11.6564
11.6563
11.6563
11.6563
11.6563
11.6563
11.6563
11.6563
11.6563
11.6563
11.6563
11.6563
11.6563
11.6563
11.6563
11.6563
11.6563
11.6563
11.6563
11.6563
11.6563
11.6563
11.6563
11.6563
11.6563
11.6563
11.6563
11.6563
11.6563
11.6563
11.6563
11.6563
11.6563
11.6563
11.6563
11.6563
11.6563
11.6563
11.6563
11.6564
11.6564
11.6564
11.6564
11.6564
11.6564
11.6564
11.6563
11.6563
11.6563
11.6563
11.6563
11.6563
11.6563
11.6562
11.6562
11.6562
11.6562
11.6561
11.6561
11.656
11.656
11.6559
11.6558
11.6557
11.6555
11.6553
11.6549
11.654
11.6525
11.6498
11.6643
11.6689
11.653
30.1468
27.5341
20.7434
18.7917
17.1222
16.1358
15.5116
15.0427
14.6418
14.2775
13.9408
13.6299
13.345
13.0869
12.8577
12.656
12.4809
12.3312
12.2049
12.0995
12.0124
11.941
11.8829
11.8357
11.7977
11.7672
11.7428
11.7234
11.7079
11.6957
11.6861
11.6785
11.6726
11.668
11.6645
11.6618
11.6597
11.6582
11.6572
11.6564
11.6559
11.6555
11.6553
11.6551
11.655
11.655
11.655
11.655
11.6551
11.6552
11.6552
11.6553
11.6554
11.6555
11.6555
11.6556
11.6557
11.6557
11.6558
11.6558
11.6559
11.6559
11.656
11.656
11.656
11.656
11.6561
11.6561
11.6561
11.6561
11.6562
11.6562
11.6562
11.6562
11.6562
11.6562
11.6562
11.6563
11.6563
11.6563
11.6563
11.6563
11.6563
11.6563
11.6563
11.6563
11.6563
11.6563
11.6564
11.6564
11.6564
11.6564
11.6564
11.6564
11.6564
11.6564
11.6564
11.6564
11.6564
11.6564
11.6564
11.6564
11.6565
11.6565
11.6565
11.6565
11.6565
11.6565
11.6565
11.6565
11.6565
11.6565
11.6565
11.6565
11.6565
11.6565
11.6565
11.6565
11.6565
11.6565
11.6565
11.6565
11.6565
11.6565
11.6565
11.6565
11.6565
11.6566
11.6566
11.6566
11.6566
11.6566
11.6566
11.6566
11.6566
11.6566
11.6566
11.6566
11.6566
11.6566
11.6566
11.6566
11.6566
11.6566
11.6566
11.6566
11.6566
11.6566
11.6566
11.6566
11.6566
11.6566
11.6566
11.6566
11.6566
11.6566
11.6566
11.6566
11.6566
11.6566
11.6566
11.6566
11.6566
11.6566
11.6566
11.6566
11.6566
11.6566
11.6566
11.6567
11.6567
11.6567
11.6567
11.6567
11.6567
11.6567
11.6567
11.6567
11.6567
11.6567
11.6567
11.6567
11.6567
11.6567
11.6567
11.6567
11.6567
11.6567
11.6567
11.6567
11.6567
11.6567
11.6567
11.6567
11.6567
11.6567
11.6567
11.6567
11.6567
11.6567
11.6567
11.6567
11.6567
11.6567
11.6567
11.6567
11.6567
11.6567
11.6567
11.6567
11.6567
11.6567
11.6567
11.6567
11.6567
11.6567
11.6567
11.6567
11.6567
11.6567
11.6567
11.6567
11.6567
11.6567
11.6567
11.6567
11.6567
11.6567
11.6567
11.6567
11.6567
11.6567
11.6567
11.6567
11.6567
11.6567
11.6567
11.6567
11.6567
11.6567
11.6567
11.6567
11.6567
11.6567
11.6567
11.6567
11.6567
11.6567
11.6567
11.6567
11.6567
11.6567
11.6567
11.6567
11.6567
11.6567
11.6567
11.6567
11.6567
11.6567
11.6567
11.6567
11.6567
11.6567
11.6567
11.6567
11.6567
11.6567
11.6567
11.6567
11.6567
11.6567
11.6567
11.6567
11.6567
11.6567
11.6567
11.6567
11.6567
11.6567
11.6567
11.6567
11.6567
11.6567
11.6567
11.6567
11.6567
11.6567
11.6567
11.6567
11.6567
11.6567
11.6567
11.6567
11.6567
11.6567
11.6567
11.6567
11.6567
11.6567
11.6567
11.6567
11.6567
11.6567
11.6567
11.6567
11.6567
11.6567
11.6567
11.6567
11.6567
11.6567
11.6567
11.6567
11.6567
11.6567
11.6566
11.6566
11.6566
11.6567
11.6567
11.6567
11.6567
11.6567
11.6567
11.6567
11.6567
11.6567
11.6567
11.6567
11.6567
11.6567
11.6567
11.6567
11.6567
11.6567
11.6567
11.6567
11.6567
11.6567
11.6567
11.6567
11.6566
11.6566
11.6566
11.6566
11.6566
11.6566
11.6566
11.6566
11.6566
11.6566
11.6566
11.6566
11.6566
11.6566
11.6566
11.6566
11.6566
11.6566
11.6566
11.6566
11.6566
11.6566
11.6566
11.6566
11.6566
11.6566
11.6566
11.6566
11.6566
11.6566
11.6566
11.6566
11.6566
11.6566
11.6566
11.6566
11.6566
11.6566
11.6566
11.6566
11.6566
11.6566
11.6566
11.6566
11.6566
11.6566
11.6566
11.6566
11.6566
11.6566
11.6566
11.6566
11.6565
11.6565
11.6565
11.6565
11.6565
11.6565
11.6565
11.6565
11.6565
11.6565
11.6565
11.6565
11.6565
11.6565
11.6565
11.6565
11.6565
11.6565
11.6565
11.6565
11.6565
11.6565
11.6565
11.6564
11.6564
11.6564
11.6564
11.6564
11.6564
11.6564
11.6564
11.6564
11.6564
11.6564
11.6563
11.6563
11.6563
11.6563
11.6563
11.6563
11.6563
11.6563
11.6563
11.6563
11.6563
11.6563
11.6563
11.6563
11.6563
11.6563
11.6563
11.6563
11.6563
11.6563
11.6563
11.6563
11.6563
11.6563
11.6563
11.6563
11.6563
11.6563
11.6563
11.6563
11.6563
11.6563
11.6563
11.6563
11.6563
11.6563
11.6563
11.6563
11.6564
11.6564
11.6564
11.6564
11.6564
11.6564
11.6564
11.6564
11.6563
11.6563
11.6563
11.6563
11.6563
11.6563
11.6562
11.6562
11.6562
11.6562
11.6561
11.6561
11.656
11.656
11.6559
11.6558
11.6557
11.6555
11.6553
11.6549
11.654
11.6525
11.6498
11.6643
11.6689
11.653
32.5016
30.5639
23.2765
20.8665
18.7689
17.5109
16.7406
16.1959
15.755
15.3691
15.0209
14.7045
14.4181
14.1613
13.9335
13.7341
13.5621
13.416
13.2929
13.1905
13.1061
13.037
12.981
12.9358
12.8996
12.8707
12.8477
12.8295
12.8152
12.8041
12.7953
12.7886
12.7834
12.7795
12.7765
12.7743
12.7727
12.7715
12.7707
12.7702
12.7698
12.7697
12.7696
12.7696
12.7697
12.7699
12.77
12.7702
12.7703
12.7705
12.7706
12.7708
12.7709
12.771
12.7711
12.7712
12.7713
12.7714
12.7715
12.7716
12.7716
12.7717
12.7717
12.7718
12.7718
12.7718
12.7719
12.7719
12.7719
12.772
12.772
12.772
12.772
12.772
12.772
12.7721
12.7721
12.7721
12.7721
12.7721
12.7721
12.7721
12.7721
12.7721
12.7722
12.7722
12.7722
12.7722
12.7722
12.7722
12.7722
12.7722
12.7722
12.7722
12.7722
12.7722
12.7723
12.7723
12.7723
12.7723
12.7723
12.7723
12.7723
12.7723
12.7723
12.7723
12.7723
12.7723
12.7723
12.7723
12.7723
12.7723
12.7723
12.7723
12.7723
12.7723
12.7723
12.7724
12.7724
12.7724
12.7724
12.7724
12.7724
12.7724
12.7724
12.7724
12.7724
12.7724
12.7724
12.7724
12.7724
12.7724
12.7724
12.7724
12.7724
12.7724
12.7724
12.7724
12.7724
12.7724
12.7724
12.7725
12.7725
12.7725
12.7725
12.7725
12.7725
12.7725
12.7725
12.7725
12.7725
12.7725
12.7725
12.7725
12.7725
12.7725
12.7725
12.7725
12.7725
12.7725
12.7725
12.7725
12.7725
12.7725
12.7725
12.7725
12.7725
12.7725
12.7725
12.7725
12.7725
12.7725
12.7725
12.7725
12.7725
12.7725
12.7725
12.7725
12.7725
12.7725
12.7725
12.7725
12.7725
12.7725
12.7725
12.7725
12.7725
12.7725
12.7725
12.7725
12.7725
12.7725
12.7725
12.7725
12.7725
12.7725
12.7725
12.7725
12.7725
12.7725
12.7725
12.7725
12.7725
12.7725
12.7725
12.7725
12.7725
12.7725
12.7725
12.7725
12.7725
12.7725
12.7725
12.7725
12.7725
12.7725
12.7725
12.7725
12.7725
12.7725
12.7725
12.7725
12.7725
12.7725
12.7725
12.7725
12.7725
12.7725
12.7725
12.7725
12.7726
12.7726
12.7726
12.7726
12.7726
12.7726
12.7726
12.7726
12.7726
12.7726
12.7726
12.7726
12.7726
12.7726
12.7726
12.7726
12.7726
12.7726
12.7726
12.7726
12.7726
12.7726
12.7726
12.7726
12.7726
12.7726
12.7725
12.7725
12.7725
12.7725
12.7725
12.7725
12.7725
12.7725
12.7725
12.7725
12.7725
12.7725
12.7725
12.7725
12.7725
12.7725
12.7725
12.7725
12.7725
12.7725
12.7725
12.7725
12.7725
12.7725
12.7725
12.7725
12.7725
12.7725
12.7725
12.7725
12.7725
12.7725
12.7725
12.7725
12.7725
12.7725
12.7726
12.7726
12.7726
12.7726
12.7726
12.7726
12.7726
12.7725
12.7725
12.7725
12.7725
12.7725
12.7725
12.7725
12.7725
12.7725
12.7725
12.7725
12.7725
12.7725
12.7725
12.7725
12.7725
12.7725
12.7725
12.7725
12.7725
12.7725
12.7725
12.7725
12.7725
12.7725
12.7725
12.7725
12.7725
12.7725
12.7725
12.7725
12.7725
12.7725
12.7725
12.7725
12.7725
12.7725
12.7725
12.7725
12.7725
12.7725
12.7725
12.7725
12.7725
12.7725
12.7725
12.7725
12.7725
12.7725
12.7724
12.7724
12.7724
12.7724
12.7724
12.7724
12.7724
12.7724
12.7724
12.7724
12.7724
12.7724
12.7724
12.7724
12.7724
12.7724
12.7724
12.7724
12.7724
12.7724
12.7724
12.7724
12.7724
12.7724
12.7724
12.7724
12.7724
12.7724
12.7724
12.7724
12.7724
12.7724
12.7724
12.7724
12.7724
12.7724
12.7724
12.7724
12.7724
12.7724
12.7724
12.7724
12.7724
12.7724
12.7724
12.7724
12.7724
12.7724
12.7724
12.7724
12.7724
12.7724
12.7724
12.7724
12.7724
12.7723
12.7723
12.7723
12.7723
12.7723
12.7723
12.7723
12.7723
12.7723
12.7723
12.7723
12.7723
12.7723
12.7723
12.7723
12.7723
12.7723
12.7723
12.7723
12.7722
12.7722
12.7722
12.7722
12.7722
12.7722
12.7722
12.7722
12.7722
12.7722
12.7721
12.7721
12.7721
12.7721
12.7721
12.7721
12.7721
12.7721
12.7721
12.7721
12.7721
12.7721
12.7721
12.7721
12.7721
12.7721
12.7721
12.7721
12.7721
12.7721
12.7721
12.7721
12.7721
12.7721
12.7721
12.7721
12.7721
12.7721
12.7721
12.7721
12.7721
12.7722
12.7722
12.7722
12.7722
12.7722
12.7722
12.7722
12.7722
12.7722
12.7722
12.7722
12.7722
12.7722
12.7721
12.7721
12.7721
12.7721
12.7721
12.772
12.772
12.772
12.772
12.7719
12.7718
12.7718
12.7717
12.7716
12.7715
12.7713
12.7711
12.7706
12.7697
12.7679
12.7645
12.7827
12.7818
12.7382
33.8157
32.2564
24.7174
22.0942
19.7584
18.3353
17.4721
16.8786
16.4119
16.0124
15.6571
15.3378
15.0511
14.7957
14.5704
14.3741
14.2053
14.062
13.9419
13.8423
13.7605
13.6939
13.64
13.5967
13.5621
13.5346
13.513
13.496
13.4828
13.4725
13.4647
13.4587
13.4542
13.4508
13.4484
13.4466
13.4454
13.4446
13.4441
13.4438
13.4437
13.4438
13.4439
13.444
13.4442
13.4445
13.4447
13.4449
13.4451
13.4454
13.4456
13.4458
13.4459
13.4461
13.4463
13.4464
13.4465
13.4466
13.4467
13.4468
13.4469
13.4469
13.447
13.4471
13.4471
13.4471
13.4472
13.4472
13.4473
13.4473
13.4473
13.4473
13.4473
13.4474
13.4474
13.4474
13.4474
13.4474
13.4474
13.4474
13.4475
13.4475
13.4475
13.4475
13.4475
13.4475
13.4475
13.4475
13.4475
13.4475
13.4475
13.4476
13.4476
13.4476
13.4476
13.4476
13.4476
13.4476
13.4476
13.4476
13.4476
13.4476
13.4476
13.4476
13.4476
13.4476
13.4477
13.4477
13.4477
13.4477
13.4477
13.4477
13.4477
13.4477
13.4477
13.4477
13.4477
13.4477
13.4477
13.4477
13.4477
13.4477
13.4477
13.4477
13.4477
13.4477
13.4477
13.4477
13.4477
13.4477
13.4478
13.4478
13.4478
13.4478
13.4478
13.4478
13.4478
13.4478
13.4478
13.4478
13.4478
13.4478
13.4478
13.4478
13.4478
13.4478
13.4478
13.4478
13.4478
13.4478
13.4478
13.4478
13.4478
13.4478
13.4478
13.4478
13.4478
13.4478
13.4478
13.4478
13.4478
13.4478
13.4478
13.4478
13.4478
13.4478
13.4478
13.4478
13.4478
13.4478
13.4478
13.4479
13.4479
13.4479
13.4479
13.4479
13.4479
13.4479
13.4479
13.4479
13.4479
13.4479
13.4479
13.4479
13.4479
13.4479
13.4478
13.4478
13.4478
13.4478
13.4478
13.4478
13.4479
13.4479
13.4479
13.4479
13.4479
13.4479
13.4479
13.4479
13.4479
13.4479
13.4479
13.4479
13.4479
13.4479
13.4479
13.4479
13.4479
13.4479
13.4479
13.4479
13.4479
13.4479
13.4479
13.4479
13.4479
13.4479
13.4479
13.4479
13.4479
13.4479
13.4479
13.4479
13.4479
13.4479
13.4479
13.4479
13.4479
13.4479
13.4479
13.4479
13.4479
13.4479
13.4479
13.4479
13.4479
13.4479
13.4479
13.4479
13.4479
13.4479
13.4479
13.4479
13.4479
13.4479
13.4479
13.4479
13.4479
13.4479
13.4479
13.4479
13.4479
13.4479
13.4479
13.4479
13.4479
13.4479
13.4479
13.4479
13.4479
13.4479
13.4479
13.4479
13.4479
13.4479
13.4479
13.4479
13.4479
13.4479
13.4479
13.4479
13.4479
13.4479
13.4479
13.4479
13.4479
13.4479
13.4479
13.4479
13.4479
13.4479
13.4479
13.4479
13.4479
13.4479
13.4479
13.4479
13.4479
13.4479
13.4479
13.4479
13.4479
13.4479
13.4479
13.4479
13.4479
13.4479
13.4479
13.4479
13.4479
13.4479
13.4479
13.4479
13.4479
13.4479
13.4479
13.4479
13.4479
13.4479
13.4479
13.4479
13.4479
13.4479
13.4479
13.4478
13.4478
13.4478
13.4478
13.4478
13.4479
13.4479
13.4479
13.4479
13.4479
13.4479
13.4479
13.4479
13.4479
13.4479
13.4479
13.4479
13.4479
13.4479
13.4479
13.4479
13.4479
13.4479
13.4479
13.4479
13.4479
13.4478
13.4478
13.4478
13.4478
13.4478
13.4478
13.4478
13.4478
13.4478
13.4478
13.4478
13.4478
13.4478
13.4478
13.4478
13.4477
13.4477
13.4477
13.4477
13.4477
13.4477
13.4477
13.4477
13.4477
13.4477
13.4478
13.4478
13.4478
13.4478
13.4478
13.4478
13.4478
13.4478
13.4477
13.4477
13.4477
13.4478
13.4478
13.4478
13.4478
13.4478
13.4478
13.4478
13.4478
13.4478
13.4478
13.4478
13.4478
13.4478
13.4477
13.4477
13.4477
13.4477
13.4477
13.4477
13.4477
13.4477
13.4477
13.4477
13.4477
13.4477
13.4477
13.4477
13.4477
13.4477
13.4477
13.4477
13.4477
13.4477
13.4477
13.4477
13.4477
13.4477
13.4476
13.4476
13.4476
13.4476
13.4476
13.4476
13.4476
13.4476
13.4476
13.4476
13.4476
13.4476
13.4475
13.4475
13.4475
13.4475
13.4475
13.4475
13.4475
13.4475
13.4475
13.4475
13.4475
13.4475
13.4475
13.4475
13.4475
13.4475
13.4475
13.4474
13.4474
13.4474
13.4474
13.4474
13.4474
13.4474
13.4474
13.4474
13.4474
13.4474
13.4474
13.4474
13.4474
13.4475
13.4475
13.4475
13.4475
13.4475
13.4475
13.4475
13.4475
13.4475
13.4475
13.4475
13.4475
13.4475
13.4475
13.4475
13.4475
13.4475
13.4475
13.4475
13.4475
13.4475
13.4474
13.4474
13.4474
13.4474
13.4473
13.4473
13.4473
13.4472
13.4472
13.4471
13.447
13.4469
13.4468
13.4467
13.4464
13.446
13.445
13.443
13.4389
13.4603
13.4589
13.4032
33.8157
32.2564
24.7174
22.0942
19.7584
18.3353
17.4721
16.8786
16.4119
16.0124
15.6571
15.3378
15.0511
14.7957
14.5704
14.3741
14.2053
14.062
13.9419
13.8423
13.7605
13.6939
13.64
13.5967
13.5621
13.5346
13.513
13.496
13.4828
13.4725
13.4647
13.4587
13.4542
13.4508
13.4484
13.4466
13.4454
13.4446
13.4441
13.4438
13.4437
13.4438
13.4439
13.444
13.4442
13.4445
13.4447
13.4449
13.4451
13.4454
13.4456
13.4458
13.4459
13.4461
13.4463
13.4464
13.4465
13.4466
13.4467
13.4468
13.4469
13.4469
13.447
13.4471
13.4471
13.4471
13.4472
13.4472
13.4473
13.4473
13.4473
13.4473
13.4473
13.4474
13.4474
13.4474
13.4474
13.4474
13.4474
13.4474
13.4475
13.4475
13.4475
13.4475
13.4475
13.4475
13.4475
13.4475
13.4475
13.4475
13.4475
13.4476
13.4476
13.4476
13.4476
13.4476
13.4476
13.4476
13.4476
13.4476
13.4476
13.4476
13.4476
13.4476
13.4476
13.4476
13.4477
13.4477
13.4477
13.4477
13.4477
13.4477
13.4477
13.4477
13.4477
13.4477
13.4477
13.4477
13.4477
13.4477
13.4477
13.4477
13.4477
13.4477
13.4477
13.4477
13.4477
13.4477
13.4477
13.4477
13.4478
13.4478
13.4478
13.4478
13.4478
13.4478
13.4478
13.4478
13.4478
13.4478
13.4478
13.4478
13.4478
13.4478
13.4478
13.4478
13.4478
13.4478
13.4478
13.4478
13.4478
13.4478
13.4478
13.4478
13.4478
13.4478
13.4478
13.4478
13.4478
13.4478
13.4478
13.4478
13.4478
13.4478
13.4478
13.4478
13.4478
13.4478
13.4478
13.4478
13.4478
13.4479
13.4479
13.4479
13.4479
13.4479
13.4479
13.4479
13.4479
13.4479
13.4479
13.4479
13.4479
13.4479
13.4479
13.4479
13.4478
13.4478
13.4478
13.4478
13.4478
13.4478
13.4479
13.4479
13.4479
13.4479
13.4479
13.4479
13.4479
13.4479
13.4479
13.4479
13.4479
13.4479
13.4479
13.4479
13.4479
13.4479
13.4479
13.4479
13.4479
13.4479
13.4479
13.4479
13.4479
13.4479
13.4479
13.4479
13.4479
13.4479
13.4479
13.4479
13.4479
13.4479
13.4479
13.4479
13.4479
13.4479
13.4479
13.4479
13.4479
13.4479
13.4479
13.4479
13.4479
13.4479
13.4479
13.4479
13.4479
13.4479
13.4479
13.4479
13.4479
13.4479
13.4479
13.4479
13.4479
13.4479
13.4479
13.4479
13.4479
13.4479
13.4479
13.4479
13.4479
13.4479
13.4479
13.4479
13.4479
13.4479
13.4479
13.4479
13.4479
13.4479
13.4479
13.4479
13.4479
13.4479
13.4479
13.4479
13.4479
13.4479
13.4479
13.4479
13.4479
13.4479
13.4479
13.4479
13.4479
13.4479
13.4479
13.4479
13.4479
13.4479
13.4479
13.4479
13.4479
13.4479
13.4479
13.4479
13.4479
13.4479
13.4479
13.4479
13.4479
13.4479
13.4479
13.4479
13.4479
13.4479
13.4479
13.4479
13.4479
13.4479
13.4479
13.4479
13.4479
13.4479
13.4479
13.4479
13.4479
13.4479
13.4479
13.4479
13.4479
13.4478
13.4478
13.4478
13.4478
13.4478
13.4479
13.4479
13.4479
13.4479
13.4479
13.4479
13.4479
13.4479
13.4479
13.4479
13.4479
13.4479
13.4479
13.4479
13.4479
13.4479
13.4479
13.4479
13.4479
13.4479
13.4479
13.4479
13.4478
13.4478
13.4478
13.4478
13.4478
13.4478
13.4478
13.4478
13.4478
13.4478
13.4478
13.4478
13.4478
13.4478
13.4477
13.4477
13.4477
13.4477
13.4477
13.4477
13.4477
13.4477
13.4477
13.4477
13.4478
13.4478
13.4478
13.4478
13.4478
13.4478
13.4478
13.4478
13.4477
13.4477
13.4477
13.4478
13.4478
13.4478
13.4478
13.4478
13.4478
13.4478
13.4478
13.4478
13.4478
13.4478
13.4478
13.4478
13.4477
13.4477
13.4477
13.4477
13.4477
13.4477
13.4477
13.4477
13.4477
13.4477
13.4477
13.4477
13.4477
13.4477
13.4477
13.4477
13.4477
13.4477
13.4477
13.4477
13.4477
13.4477
13.4477
13.4477
13.4476
13.4476
13.4476
13.4476
13.4476
13.4476
13.4476
13.4476
13.4476
13.4476
13.4476
13.4476
13.4475
13.4475
13.4475
13.4475
13.4475
13.4475
13.4475
13.4475
13.4475
13.4475
13.4475
13.4475
13.4475
13.4475
13.4475
13.4475
13.4475
13.4474
13.4474
13.4474
13.4474
13.4474
13.4474
13.4474
13.4474
13.4474
13.4474
13.4474
13.4474
13.4474
13.4474
13.4475
13.4475
13.4475
13.4475
13.4475
13.4475
13.4475
13.4475
13.4475
13.4475
13.4475
13.4475
13.4475
13.4475
13.4475
13.4475
13.4475
13.4475
13.4475
13.4475
13.4475
13.4474
13.4474
13.4474
13.4474
13.4473
13.4473
13.4473
13.4472
13.4472
13.4471
13.447
13.4469
13.4468
13.4467
13.4464
13.446
13.445
13.443
13.4389
13.4603
13.4589
13.4032
32.5016
30.5639
23.2765
20.8665
18.7689
17.5109
16.7406
16.1959
15.755
15.3691
15.0209
14.7045
14.4181
14.1613
13.9335
13.7341
13.5621
13.416
13.2929
13.1905
13.1061
13.037
12.981
12.9358
12.8996
12.8707
12.8477
12.8295
12.8152
12.8041
12.7953
12.7886
12.7834
12.7795
12.7765
12.7743
12.7727
12.7715
12.7707
12.7702
12.7698
12.7697
12.7696
12.7696
12.7697
12.7699
12.77
12.7702
12.7703
12.7705
12.7706
12.7708
12.7709
12.771
12.7711
12.7712
12.7713
12.7714
12.7715
12.7716
12.7716
12.7717
12.7717
12.7718
12.7718
12.7718
12.7719
12.7719
12.7719
12.772
12.772
12.772
12.772
12.772
12.7721
12.7721
12.7721
12.7721
12.7721
12.7721
12.7721
12.7721
12.7721
12.7721
12.7722
12.7722
12.7722
12.7722
12.7722
12.7722
12.7722
12.7722
12.7722
12.7722
12.7722
12.7722
12.7723
12.7723
12.7723
12.7723
12.7723
12.7723
12.7723
12.7723
12.7723
12.7723
12.7723
12.7723
12.7723
12.7723
12.7723
12.7723
12.7723
12.7723
12.7723
12.7723
12.7723
12.7724
12.7724
12.7724
12.7724
12.7724
12.7724
12.7724
12.7724
12.7724
12.7724
12.7724
12.7724
12.7724
12.7724
12.7724
12.7724
12.7724
12.7724
12.7724
12.7724
12.7724
12.7724
12.7724
12.7724
12.7725
12.7725
12.7725
12.7725
12.7725
12.7725
12.7725
12.7725
12.7725
12.7725
12.7725
12.7725
12.7725
12.7725
12.7725
12.7725
12.7725
12.7725
12.7725
12.7725
12.7725
12.7725
12.7725
12.7725
12.7725
12.7725
12.7725
12.7725
12.7725
12.7725
12.7725
12.7725
12.7725
12.7725
12.7725
12.7725
12.7725
12.7725
12.7725
12.7725
12.7725
12.7725
12.7725
12.7725
12.7725
12.7725
12.7725
12.7725
12.7725
12.7725
12.7725
12.7725
12.7725
12.7725
12.7725
12.7725
12.7725
12.7725
12.7725
12.7725
12.7725
12.7725
12.7725
12.7725
12.7725
12.7725
12.7725
12.7725
12.7725
12.7725
12.7725
12.7725
12.7725
12.7725
12.7725
12.7725
12.7725
12.7725
12.7725
12.7725
12.7725
12.7725
12.7725
12.7725
12.7725
12.7725
12.7725
12.7725
12.7726
12.7726
12.7726
12.7726
12.7726
12.7726
12.7726
12.7726
12.7726
12.7726
12.7726
12.7726
12.7726
12.7726
12.7726
12.7726
12.7726
12.7726
12.7726
12.7726
12.7726
12.7726
12.7726
12.7726
12.7726
12.7726
12.7726
12.7726
12.7725
12.7725
12.7725
12.7725
12.7725
12.7725
12.7725
12.7725
12.7725
12.7725
12.7725
12.7725
12.7725
12.7725
12.7725
12.7725
12.7725
12.7725
12.7725
12.7725
12.7725
12.7725
12.7725
12.7725
12.7725
12.7725
12.7725
12.7725
12.7725
12.7725
12.7725
12.7725
12.7725
12.7725
12.7725
12.7726
12.7726
12.7726
12.7726
12.7726
12.7726
12.7726
12.7725
12.7725
12.7725
12.7725
12.7725
12.7725
12.7725
12.7725
12.7725
12.7725
12.7725
12.7725
12.7725
12.7725
12.7725
12.7725
12.7725
12.7725
12.7725
12.7725
12.7725
12.7725
12.7725
12.7725
12.7725
12.7725
12.7725
12.7725
12.7725
12.7725
12.7725
12.7725
12.7725
12.7725
12.7725
12.7725
12.7725
12.7725
12.7725
12.7725
12.7725
12.7725
12.7725
12.7725
12.7725
12.7725
12.7725
12.7725
12.7725
12.7724
12.7724
12.7724
12.7724
12.7724
12.7724
12.7724
12.7724
12.7724
12.7724
12.7724
12.7724
12.7724
12.7724
12.7724
12.7724
12.7724
12.7724
12.7724
12.7724
12.7724
12.7724
12.7724
12.7724
12.7724
12.7724
12.7724
12.7724
12.7724
12.7724
12.7724
12.7724
12.7724
12.7724
12.7724
12.7724
12.7724
12.7724
12.7724
12.7724
12.7724
12.7724
12.7724
12.7724
12.7724
12.7724
12.7724
12.7724
12.7724
12.7724
12.7724
12.7724
12.7724
12.7724
12.7724
12.7723
12.7723
12.7723
12.7723
12.7723
12.7723
12.7723
12.7723
12.7723
12.7723
12.7723
12.7723
12.7723
12.7723
12.7723
12.7723
12.7723
12.7723
12.7723
12.7722
12.7722
12.7722
12.7722
12.7722
12.7722
12.7722
12.7722
12.7722
12.7722
12.7721
12.7721
12.7721
12.7721
12.7721
12.7721
12.7721
12.7721
12.7721
12.7721
12.7721
12.7721
12.7721
12.7721
12.7721
12.7721
12.7721
12.7721
12.7721
12.7721
12.7721
12.7721
12.7721
12.7721
12.7721
12.7721
12.7721
12.7721
12.7721
12.7721
12.7721
12.7722
12.7722
12.7722
12.7722
12.7722
12.7722
12.7722
12.7722
12.7722
12.7722
12.7722
12.7722
12.7722
12.7721
12.7721
12.7721
12.7721
12.7721
12.772
12.772
12.772
12.772
12.7719
12.7718
12.7718
12.7717
12.7716
12.7715
12.7713
12.7711
12.7706
12.7697
12.7679
12.7645
12.7826
12.7818
12.7382
30.1468
27.5341
20.7434
18.7917
17.1222
16.1358
15.5116
15.0427
14.6418
14.2775
13.9408
13.6299
13.345
13.0869
12.8577
12.656
12.4809
12.3312
12.2049
12.0995
12.0124
11.941
11.8829
11.8357
11.7977
11.7672
11.7428
11.7234
11.7079
11.6957
11.6861
11.6785
11.6726
11.668
11.6645
11.6618
11.6597
11.6582
11.6572
11.6564
11.6559
11.6555
11.6553
11.6551
11.655
11.655
11.655
11.655
11.6551
11.6552
11.6552
11.6553
11.6554
11.6555
11.6555
11.6556
11.6557
11.6557
11.6558
11.6558
11.6559
11.6559
11.656
11.656
11.656
11.656
11.6561
11.6561
11.6561
11.6561
11.6562
11.6562
11.6562
11.6562
11.6562
11.6562
11.6562
11.6563
11.6563
11.6563
11.6563
11.6563
11.6563
11.6563
11.6563
11.6563
11.6563
11.6563
11.6564
11.6564
11.6564
11.6564
11.6564
11.6564
11.6564
11.6564
11.6564
11.6564
11.6564
11.6564
11.6564
11.6564
11.6565
11.6565
11.6565
11.6565
11.6565
11.6565
11.6565
11.6565
11.6565
11.6565
11.6565
11.6565
11.6565
11.6565
11.6565
11.6565
11.6565
11.6565
11.6565
11.6565
11.6565
11.6565
11.6565
11.6565
11.6565
11.6566
11.6566
11.6566
11.6566
11.6566
11.6566
11.6566
11.6566
11.6566
11.6566
11.6566
11.6566
11.6566
11.6566
11.6566
11.6566
11.6566
11.6566
11.6566
11.6566
11.6566
11.6566
11.6566
11.6566
11.6566
11.6566
11.6566
11.6566
11.6566
11.6566
11.6566
11.6566
11.6566
11.6566
11.6566
11.6566
11.6566
11.6566
11.6566
11.6566
11.6566
11.6566
11.6567
11.6567
11.6567
11.6567
11.6567
11.6567
11.6567
11.6567
11.6567
11.6567
11.6567
11.6567
11.6567
11.6567
11.6567
11.6567
11.6567
11.6567
11.6567
11.6567
11.6567
11.6567
11.6567
11.6567
11.6567
11.6567
11.6567
11.6567
11.6567
11.6567
11.6567
11.6567
11.6567
11.6567
11.6567
11.6567
11.6567
11.6567
11.6567
11.6567
11.6567
11.6567
11.6567
11.6567
11.6567
11.6567
11.6567
11.6567
11.6567
11.6567
11.6567
11.6567
11.6567
11.6567
11.6567
11.6567
11.6567
11.6567
11.6567
11.6567
11.6567
11.6567
11.6567
11.6567
11.6567
11.6567
11.6567
11.6567
11.6567
11.6567
11.6567
11.6567
11.6567
11.6567
11.6567
11.6567
11.6567
11.6567
11.6567
11.6567
11.6567
11.6567
11.6567
11.6567
11.6567
11.6567
11.6567
11.6567
11.6567
11.6567
11.6567
11.6567
11.6567
11.6567
11.6567
11.6567
11.6567
11.6567
11.6567
11.6567
11.6567
11.6567
11.6567
11.6567
11.6567
11.6567
11.6567
11.6567
11.6567
11.6567
11.6567
11.6567
11.6567
11.6567
11.6567
11.6567
11.6567
11.6567
11.6567
11.6567
11.6567
11.6567
11.6567
11.6567
11.6567
11.6567
11.6567
11.6567
11.6567
11.6567
11.6567
11.6567
11.6567
11.6567
11.6567
11.6567
11.6567
11.6567
11.6567
11.6567
11.6567
11.6567
11.6567
11.6567
11.6567
11.6567
11.6567
11.6566
11.6566
11.6566
11.6567
11.6567
11.6567
11.6567
11.6567
11.6567
11.6567
11.6567
11.6567
11.6567
11.6567
11.6567
11.6567
11.6567
11.6567
11.6567
11.6567
11.6567
11.6567
11.6567
11.6567
11.6567
11.6567
11.6566
11.6566
11.6566
11.6566
11.6566
11.6566
11.6566
11.6566
11.6566
11.6566
11.6566
11.6566
11.6566
11.6566
11.6566
11.6566
11.6566
11.6566
11.6566
11.6566
11.6566
11.6566
11.6566
11.6566
11.6566
11.6566
11.6566
11.6566
11.6566
11.6566
11.6566
11.6566
11.6566
11.6566
11.6566
11.6566
11.6566
11.6566
11.6566
11.6566
11.6566
11.6566
11.6566
11.6566
11.6566
11.6566
11.6566
11.6566
11.6566
11.6566
11.6566
11.6566
11.6565
11.6565
11.6565
11.6565
11.6565
11.6565
11.6565
11.6565
11.6565
11.6565
11.6565
11.6565
11.6565
11.6565
11.6565
11.6565
11.6565
11.6565
11.6565
11.6565
11.6565
11.6565
11.6565
11.6564
11.6564
11.6564
11.6564
11.6564
11.6564
11.6564
11.6564
11.6564
11.6564
11.6564
11.6563
11.6563
11.6563
11.6563
11.6563
11.6563
11.6563
11.6563
11.6563
11.6563
11.6563
11.6563
11.6563
11.6563
11.6563
11.6563
11.6563
11.6563
11.6563
11.6563
11.6563
11.6563
11.6563
11.6563
11.6563
11.6563
11.6563
11.6563
11.6563
11.6563
11.6563
11.6563
11.6563
11.6563
11.6563
11.6563
11.6563
11.6563
11.6564
11.6564
11.6564
11.6564
11.6564
11.6564
11.6564
11.6564
11.6563
11.6563
11.6563
11.6563
11.6563
11.6563
11.6562
11.6562
11.6562
11.6562
11.6561
11.6561
11.656
11.656
11.6559
11.6558
11.6557
11.6556
11.6553
11.6549
11.654
11.6525
11.6498
11.6643
11.6689
11.653
30.1468
27.5341
20.7434
18.7917
17.1222
16.1358
15.5116
15.0427
14.6418
14.2775
13.9408
13.6299
13.345
13.0869
12.8577
12.656
12.4809
12.3312
12.2049
12.0995
12.0124
11.941
11.8829
11.8357
11.7977
11.7672
11.7428
11.7234
11.7079
11.6957
11.6861
11.6785
11.6726
11.668
11.6645
11.6618
11.6597
11.6582
11.6572
11.6564
11.6559
11.6555
11.6553
11.6551
11.655
11.655
11.655
11.655
11.6551
11.6552
11.6552
11.6553
11.6554
11.6555
11.6555
11.6556
11.6557
11.6557
11.6558
11.6558
11.6559
11.6559
11.656
11.656
11.656
11.656
11.6561
11.6561
11.6561
11.6561
11.6562
11.6562
11.6562
11.6562
11.6562
11.6562
11.6562
11.6563
11.6563
11.6563
11.6563
11.6563
11.6563
11.6563
11.6563
11.6563
11.6563
11.6563
11.6564
11.6564
11.6564
11.6564
11.6564
11.6564
11.6564
11.6564
11.6564
11.6564
11.6564
11.6564
11.6564
11.6564
11.6565
11.6565
11.6565
11.6565
11.6565
11.6565
11.6565
11.6565
11.6565
11.6565
11.6565
11.6565
11.6565
11.6565
11.6565
11.6565
11.6565
11.6565
11.6565
11.6565
11.6565
11.6565
11.6565
11.6565
11.6565
11.6566
11.6566
11.6566
11.6566
11.6566
11.6566
11.6566
11.6566
11.6566
11.6566
11.6566
11.6566
11.6566
11.6566
11.6566
11.6566
11.6566
11.6566
11.6566
11.6566
11.6566
11.6566
11.6566
11.6566
11.6566
11.6566
11.6566
11.6566
11.6566
11.6566
11.6566
11.6566
11.6566
11.6566
11.6566
11.6566
11.6566
11.6566
11.6566
11.6566
11.6566
11.6566
11.6566
11.6567
11.6567
11.6567
11.6567
11.6567
11.6567
11.6567
11.6567
11.6567
11.6567
11.6567
11.6567
11.6567
11.6567
11.6567
11.6567
11.6567
11.6567
11.6567
11.6567
11.6567
11.6567
11.6567
11.6567
11.6567
11.6567
11.6567
11.6567
11.6567
11.6567
11.6567
11.6567
11.6567
11.6567
11.6567
11.6567
11.6567
11.6567
11.6567
11.6567
11.6567
11.6567
11.6567
11.6567
11.6567
11.6567
11.6567
11.6567
11.6567
11.6567
11.6567
11.6567
11.6567
11.6567
11.6567
11.6567
11.6567
11.6567
11.6567
11.6567
11.6567
11.6567
11.6567
11.6567
11.6567
11.6567
11.6567
11.6567
11.6567
11.6567
11.6567
11.6567
11.6567
11.6567
11.6567
11.6567
11.6567
11.6567
11.6567
11.6567
11.6567
11.6567
11.6567
11.6567
11.6567
11.6567
11.6567
11.6567
11.6567
11.6567
11.6567
11.6567
11.6567
11.6567
11.6567
11.6567
11.6567
11.6567
11.6567
11.6567
11.6567
11.6567
11.6567
11.6567
11.6567
11.6567
11.6567
11.6567
11.6567
11.6567
11.6567
11.6567
11.6567
11.6567
11.6567
11.6567
11.6567
11.6567
11.6567
11.6567
11.6567
11.6567
11.6567
11.6567
11.6567
11.6567
11.6567
11.6567
11.6567
11.6567
11.6567
11.6567
11.6567
11.6567
11.6567
11.6567
11.6567
11.6567
11.6567
11.6567
11.6567
11.6567
11.6567
11.6567
11.6567
11.6567
11.6566
11.6566
11.6566
11.6567
11.6567
11.6567
11.6567
11.6567
11.6567
11.6567
11.6567
11.6567
11.6567
11.6567
11.6567
11.6567
11.6567
11.6567
11.6567
11.6567
11.6567
11.6567
11.6567
11.6567
11.6567
11.6567
11.6566
11.6566
11.6566
11.6566
11.6566
11.6566
11.6566
11.6566
11.6566
11.6566
11.6566
11.6566
11.6566
11.6566
11.6566
11.6566
11.6566
11.6566
11.6566
11.6566
11.6566
11.6566
11.6566
11.6566
11.6566
11.6566
11.6566
11.6566
11.6566
11.6566
11.6566
11.6566
11.6566
11.6566
11.6566
11.6566
11.6566
11.6566
11.6566
11.6566
11.6566
11.6566
11.6566
11.6566
11.6566
11.6566
11.6566
11.6566
11.6566
11.6566
11.6566
11.6566
11.6566
11.6565
11.6565
11.6565
11.6565
11.6565
11.6565
11.6565
11.6565
11.6565
11.6565
11.6565
11.6565
11.6565
11.6565
11.6565
11.6565
11.6565
11.6565
11.6565
11.6565
11.6565
11.6565
11.6564
11.6564
11.6564
11.6564
11.6564
11.6564
11.6564
11.6564
11.6564
11.6564
11.6564
11.6563
11.6563
11.6563
11.6563
11.6563
11.6563
11.6563
11.6563
11.6563
11.6563
11.6563
11.6563
11.6563
11.6563
11.6563
11.6563
11.6563
11.6563
11.6563
11.6563
11.6563
11.6563
11.6563
11.6563
11.6563
11.6563
11.6563
11.6563
11.6563
11.6563
11.6563
11.6563
11.6563
11.6563
11.6563
11.6563
11.6563
11.6563
11.6564
11.6564
11.6564
11.6564
11.6564
11.6564
11.6564
11.6564
11.6563
11.6563
11.6563
11.6563
11.6563
11.6563
11.6562
11.6562
11.6562
11.6562
11.6561
11.6561
11.656
11.656
11.6559
11.6558
11.6557
11.6555
11.6553
11.6549
11.654
11.6524
11.6498
11.6643
11.6689
11.653
32.5016
30.5639
23.2765
20.8665
18.7689
17.5109
16.7406
16.1959
15.755
15.3691
15.0209
14.7045
14.4181
14.1613
13.9335
13.7341
13.5621
13.416
13.2929
13.1905
13.1061
13.037
12.981
12.9358
12.8996
12.8707
12.8477
12.8295
12.8152
12.8041
12.7953
12.7886
12.7834
12.7795
12.7765
12.7743
12.7727
12.7715
12.7707
12.7702
12.7698
12.7697
12.7696
12.7696
12.7697
12.7699
12.77
12.7702
12.7703
12.7705
12.7706
12.7708
12.7709
12.771
12.7711
12.7712
12.7713
12.7714
12.7715
12.7716
12.7716
12.7717
12.7717
12.7718
12.7718
12.7718
12.7719
12.7719
12.7719
12.772
12.772
12.772
12.772
12.772
12.7721
12.7721
12.7721
12.7721
12.7721
12.7721
12.7721
12.7721
12.7721
12.7721
12.7722
12.7722
12.7722
12.7722
12.7722
12.7722
12.7722
12.7722
12.7722
12.7722
12.7722
12.7722
12.7723
12.7723
12.7723
12.7723
12.7723
12.7723
12.7723
12.7723
12.7723
12.7723
12.7723
12.7723
12.7723
12.7723
12.7723
12.7723
12.7723
12.7723
12.7723
12.7723
12.7723
12.7724
12.7724
12.7724
12.7724
12.7724
12.7724
12.7724
12.7724
12.7724
12.7724
12.7724
12.7724
12.7724
12.7724
12.7724
12.7724
12.7724
12.7724
12.7724
12.7724
12.7724
12.7724
12.7724
12.7724
12.7725
12.7725
12.7725
12.7725
12.7725
12.7725
12.7725
12.7725
12.7725
12.7725
12.7725
12.7725
12.7725
12.7725
12.7725
12.7725
12.7725
12.7725
12.7725
12.7725
12.7725
12.7725
12.7725
12.7725
12.7725
12.7725
12.7725
12.7725
12.7725
12.7725
12.7725
12.7725
12.7725
12.7725
12.7725
12.7725
12.7725
12.7725
12.7725
12.7725
12.7725
12.7725
12.7725
12.7725
12.7725
12.7725
12.7725
12.7725
12.7725
12.7725
12.7725
12.7725
12.7725
12.7725
12.7725
12.7725
12.7725
12.7725
12.7725
12.7725
12.7725
12.7725
12.7725
12.7725
12.7725
12.7725
12.7725
12.7725
12.7725
12.7725
12.7725
12.7725
12.7725
12.7725
12.7725
12.7725
12.7725
12.7725
12.7725
12.7725
12.7725
12.7725
12.7725
12.7725
12.7725
12.7725
12.7725
12.7725
12.7725
12.7726
12.7726
12.7726
12.7726
12.7726
12.7726
12.7726
12.7726
12.7726
12.7726
12.7726
12.7726
12.7726
12.7726
12.7726
12.7726
12.7726
12.7726
12.7726
12.7726
12.7726
12.7726
12.7726
12.7726
12.7726
12.7726
12.7726
12.7725
12.7725
12.7725
12.7725
12.7725
12.7725
12.7725
12.7725
12.7725
12.7725
12.7725
12.7725
12.7725
12.7725
12.7725
12.7725
12.7725
12.7725
12.7725
12.7725
12.7725
12.7725
12.7725
12.7725
12.7725
12.7725
12.7725
12.7725
12.7725
12.7725
12.7725
12.7725
12.7725
12.7725
12.7725
12.7726
12.7726
12.7726
12.7726
12.7726
12.7726
12.7726
12.7726
12.7725
12.7725
12.7725
12.7725
12.7725
12.7725
12.7725
12.7725
12.7725
12.7725
12.7725
12.7725
12.7725
12.7725
12.7725
12.7725
12.7725
12.7725
12.7725
12.7725
12.7725
12.7725
12.7725
12.7725
12.7725
12.7725
12.7725
12.7725
12.7725
12.7725
12.7725
12.7725
12.7725
12.7725
12.7725
12.7725
12.7725
12.7725
12.7725
12.7725
12.7725
12.7725
12.7725
12.7725
12.7725
12.7725
12.7725
12.7724
12.7724
12.7724
12.7724
12.7724
12.7724
12.7724
12.7724
12.7724
12.7724
12.7724
12.7724
12.7724
12.7724
12.7724
12.7724
12.7724
12.7724
12.7724
12.7724
12.7724
12.7724
12.7724
12.7724
12.7724
12.7724
12.7724
12.7724
12.7724
12.7724
12.7724
12.7724
12.7724
12.7724
12.7724
12.7724
12.7724
12.7724
12.7724
12.7724
12.7724
12.7724
12.7724
12.7724
12.7724
12.7724
12.7724
12.7724
12.7724
12.7724
12.7724
12.7724
12.7724
12.7724
12.7724
12.7724
12.7723
12.7723
12.7723
12.7723
12.7723
12.7723
12.7723
12.7723
12.7723
12.7723
12.7723
12.7723
12.7723
12.7723
12.7723
12.7723
12.7723
12.7723
12.7723
12.7722
12.7722
12.7722
12.7722
12.7722
12.7722
12.7722
12.7722
12.7722
12.7722
12.7721
12.7721
12.7721
12.7721
12.7721
12.7721
12.7721
12.7721
12.7721
12.7721
12.7721
12.7721
12.7721
12.7721
12.7721
12.7721
12.7721
12.7721
12.7721
12.7721
12.7721
12.7721
12.7721
12.7721
12.7721
12.7721
12.7721
12.7721
12.7721
12.7721
12.7721
12.7722
12.7722
12.7722
12.7722
12.7722
12.7722
12.7722
12.7722
12.7722
12.7722
12.7722
12.7722
12.7722
12.7721
12.7721
12.7721
12.7721
12.7721
12.772
12.772
12.772
12.772
12.7719
12.7718
12.7718
12.7717
12.7716
12.7715
12.7713
12.7711
12.7706
12.7697
12.7679
12.7645
12.7827
12.7818
12.7382
33.8157
32.2564
24.7174
22.0942
19.7584
18.3353
17.4721
16.8786
16.4119
16.0124
15.6571
15.3378
15.0511
14.7957
14.5704
14.3741
14.2053
14.062
13.9419
13.8423
13.7605
13.6939
13.64
13.5967
13.5621
13.5346
13.513
13.496
13.4828
13.4725
13.4647
13.4587
13.4542
13.4508
13.4484
13.4466
13.4454
13.4446
13.4441
13.4438
13.4437
13.4438
13.4439
13.444
13.4442
13.4445
13.4447
13.4449
13.4451
13.4454
13.4456
13.4458
13.4459
13.4461
13.4463
13.4464
13.4465
13.4466
13.4467
13.4468
13.4469
13.4469
13.447
13.4471
13.4471
13.4471
13.4472
13.4472
13.4473
13.4473
13.4473
13.4473
13.4473
13.4474
13.4474
13.4474
13.4474
13.4474
13.4474
13.4474
13.4475
13.4475
13.4475
13.4475
13.4475
13.4475
13.4475
13.4475
13.4475
13.4475
13.4475
13.4476
13.4476
13.4476
13.4476
13.4476
13.4476
13.4476
13.4476
13.4476
13.4476
13.4476
13.4476
13.4476
13.4476
13.4476
13.4477
13.4477
13.4477
13.4477
13.4477
13.4477
13.4477
13.4477
13.4477
13.4477
13.4477
13.4477
13.4477
13.4477
13.4477
13.4477
13.4477
13.4477
13.4477
13.4477
13.4477
13.4477
13.4477
13.4477
13.4478
13.4478
13.4478
13.4478
13.4478
13.4478
13.4478
13.4478
13.4478
13.4478
13.4478
13.4478
13.4478
13.4478
13.4478
13.4478
13.4478
13.4478
13.4478
13.4478
13.4478
13.4478
13.4478
13.4478
13.4478
13.4478
13.4478
13.4478
13.4478
13.4478
13.4478
13.4478
13.4478
13.4478
13.4478
13.4478
13.4478
13.4478
13.4478
13.4478
13.4478
13.4479
13.4479
13.4479
13.4479
13.4479
13.4479
13.4479
13.4479
13.4479
13.4479
13.4479
13.4479
13.4479
13.4479
13.4479
13.4478
13.4478
13.4478
13.4478
13.4478
13.4478
13.4479
13.4479
13.4479
13.4479
13.4479
13.4479
13.4479
13.4479
13.4479
13.4479
13.4479
13.4479
13.4479
13.4479
13.4479
13.4479
13.4479
13.4479
13.4479
13.4479
13.4479
13.4479
13.4479
13.4479
13.4479
13.4479
13.4479
13.4479
13.4479
13.4479
13.4479
13.4479
13.4479
13.4479
13.4479
13.4479
13.4479
13.4479
13.4479
13.4479
13.4479
13.4479
13.4479
13.4479
13.4479
13.4479
13.4479
13.4479
13.4479
13.4479
13.4479
13.4479
13.4479
13.4479
13.4479
13.4479
13.4479
13.4479
13.4479
13.4479
13.4479
13.4479
13.4479
13.4479
13.4479
13.4479
13.4479
13.4479
13.4479
13.4479
13.4479
13.4479
13.4479
13.4479
13.4479
13.4479
13.4479
13.4479
13.4479
13.4479
13.4479
13.4479
13.4479
13.4479
13.4479
13.4479
13.4479
13.4479
13.4479
13.4479
13.4479
13.4479
13.4479
13.4479
13.4479
13.4479
13.4479
13.4479
13.4479
13.4479
13.4479
13.4479
13.4479
13.4479
13.4479
13.4479
13.4479
13.4479
13.4479
13.4479
13.4479
13.4479
13.4479
13.4479
13.4479
13.4479
13.4479
13.4479
13.4479
13.4479
13.4479
13.4479
13.4479
13.4479
13.4478
13.4478
13.4478
13.4479
13.4479
13.4479
13.4479
13.4479
13.4479
13.4479
13.4479
13.4479
13.4479
13.4479
13.4479
13.4479
13.4479
13.4479
13.4479
13.4479
13.4479
13.4479
13.4479
13.4479
13.4479
13.4479
13.4478
13.4478
13.4478
13.4478
13.4478
13.4478
13.4478
13.4478
13.4478
13.4478
13.4478
13.4478
13.4478
13.4478
13.4477
13.4477
13.4477
13.4477
13.4477
13.4477
13.4477
13.4477
13.4477
13.4477
13.4477
13.4477
13.4477
13.4477
13.4478
13.4478
13.4478
13.4478
13.4478
13.4478
13.4478
13.4478
13.4478
13.4478
13.4478
13.4478
13.4478
13.4478
13.4478
13.4478
13.4478
13.4478
13.4478
13.4478
13.4477
13.4477
13.4477
13.4477
13.4477
13.4477
13.4477
13.4477
13.4477
13.4477
13.4477
13.4477
13.4477
13.4477
13.4477
13.4477
13.4477
13.4477
13.4477
13.4477
13.4477
13.4477
13.4477
13.4477
13.4476
13.4476
13.4476
13.4476
13.4476
13.4476
13.4476
13.4476
13.4476
13.4476
13.4476
13.4476
13.4475
13.4475
13.4475
13.4475
13.4475
13.4475
13.4475
13.4475
13.4475
13.4475
13.4475
13.4475
13.4475
13.4475
13.4475
13.4475
13.4475
13.4474
13.4474
13.4474
13.4474
13.4474
13.4474
13.4474
13.4474
13.4474
13.4474
13.4474
13.4474
13.4474
13.4474
13.4474
13.4475
13.4475
13.4475
13.4475
13.4475
13.4475
13.4475
13.4475
13.4475
13.4475
13.4475
13.4475
13.4475
13.4475
13.4475
13.4475
13.4475
13.4475
13.4475
13.4475
13.4474
13.4474
13.4474
13.4474
13.4474
13.4473
13.4473
13.4472
13.4472
13.4471
13.447
13.4469
13.4468
13.4467
13.4464
13.446
13.445
13.443
13.4389
13.4603
13.4589
13.4032
33.8157
32.2564
24.7174
22.0942
19.7584
18.3353
17.4721
16.8786
16.4119
16.0124
15.6571
15.3378
15.0511
14.7957
14.5704
14.3741
14.2053
14.062
13.9419
13.8423
13.7605
13.6939
13.64
13.5967
13.5621
13.5346
13.513
13.496
13.4828
13.4725
13.4647
13.4587
13.4542
13.4508
13.4484
13.4466
13.4454
13.4446
13.4441
13.4438
13.4437
13.4438
13.4439
13.444
13.4442
13.4445
13.4447
13.4449
13.4451
13.4454
13.4456
13.4458
13.4459
13.4461
13.4463
13.4464
13.4465
13.4466
13.4467
13.4468
13.4469
13.4469
13.447
13.4471
13.4471
13.4471
13.4472
13.4472
13.4473
13.4473
13.4473
13.4473
13.4473
13.4474
13.4474
13.4474
13.4474
13.4474
13.4474
13.4474
13.4475
13.4475
13.4475
13.4475
13.4475
13.4475
13.4475
13.4475
13.4475
13.4475
13.4475
13.4476
13.4476
13.4476
13.4476
13.4476
13.4476
13.4476
13.4476
13.4476
13.4476
13.4476
13.4476
13.4476
13.4476
13.4476
13.4477
13.4477
13.4477
13.4477
13.4477
13.4477
13.4477
13.4477
13.4477
13.4477
13.4477
13.4477
13.4477
13.4477
13.4477
13.4477
13.4477
13.4477
13.4477
13.4477
13.4477
13.4477
13.4477
13.4477
13.4478
13.4478
13.4478
13.4478
13.4478
13.4478
13.4478
13.4478
13.4478
13.4478
13.4478
13.4478
13.4478
13.4478
13.4478
13.4478
13.4478
13.4478
13.4478
13.4478
13.4478
13.4478
13.4478
13.4478
13.4478
13.4478
13.4478
13.4478
13.4478
13.4478
13.4478
13.4478
13.4478
13.4478
13.4478
13.4478
13.4478
13.4478
13.4478
13.4478
13.4478
13.4478
13.4479
13.4479
13.4479
13.4479
13.4479
13.4479
13.4479
13.4479
13.4479
13.4479
13.4479
13.4479
13.4479
13.4479
13.4478
13.4478
13.4478
13.4478
13.4478
13.4478
13.4479
13.4479
13.4479
13.4479
13.4479
13.4479
13.4479
13.4479
13.4479
13.4479
13.4479
13.4479
13.4479
13.4479
13.4479
13.4479
13.4479
13.4479
13.4479
13.4479
13.4479
13.4479
13.4479
13.4479
13.4479
13.4479
13.4479
13.4479
13.4479
13.4479
13.4479
13.4479
13.4479
13.4479
13.4479
13.4479
13.4479
13.4479
13.4479
13.4479
13.4479
13.4479
13.4479
13.4479
13.4479
13.4479
13.4479
13.4479
13.4479
13.4479
13.4479
13.4479
13.4479
13.4479
13.4479
13.4479
13.4479
13.4479
13.4479
13.4479
13.4479
13.4479
13.4479
13.4479
13.4479
13.4479
13.4479
13.4479
13.4479
13.4479
13.4479
13.4479
13.4479
13.4479
13.4479
13.4479
13.4479
13.4479
13.4479
13.4479
13.4479
13.4479
13.4479
13.4479
13.4479
13.4479
13.4479
13.4479
13.4479
13.4479
13.4479
13.4479
13.4479
13.4479
13.4479
13.4479
13.4479
13.4479
13.4479
13.4479
13.4479
13.4479
13.4479
13.4479
13.4479
13.4479
13.4479
13.4479
13.4479
13.4479
13.4479
13.4479
13.4479
13.4479
13.4479
13.4479
13.4479
13.4479
13.4479
13.4479
13.4479
13.4479
13.4479
13.4479
13.4479
13.4478
13.4478
13.4479
13.4479
13.4479
13.4479
13.4479
13.4479
13.4479
13.4479
13.4479
13.4479
13.4479
13.4479
13.4479
13.4479
13.4479
13.4479
13.4479
13.4479
13.4479
13.4479
13.4479
13.4479
13.4479
13.4478
13.4478
13.4478
13.4478
13.4478
13.4478
13.4478
13.4478
13.4478
13.4478
13.4478
13.4478
13.4478
13.4478
13.4477
13.4477
13.4477
13.4477
13.4477
13.4477
13.4477
13.4477
13.4477
13.4477
13.4477
13.4477
13.4477
13.4477
13.4477
13.4478
13.4478
13.4478
13.4477
13.4478
13.4478
13.4478
13.4478
13.4478
13.4478
13.4478
13.4478
13.4478
13.4478
13.4478
13.4478
13.4478
13.4478
13.4478
13.4477
13.4477
13.4477
13.4477
13.4477
13.4477
13.4477
13.4477
13.4477
13.4477
13.4477
13.4477
13.4477
13.4477
13.4477
13.4477
13.4477
13.4477
13.4477
13.4477
13.4477
13.4477
13.4477
13.4477
13.4477
13.4476
13.4476
13.4476
13.4476
13.4476
13.4476
13.4476
13.4476
13.4476
13.4476
13.4476
13.4475
13.4475
13.4475
13.4475
13.4475
13.4475
13.4475
13.4475
13.4475
13.4475
13.4475
13.4475
13.4475
13.4475
13.4475
13.4475
13.4475
13.4474
13.4474
13.4474
13.4474
13.4474
13.4474
13.4474
13.4474
13.4474
13.4474
13.4474
13.4474
13.4474
13.4474
13.4474
13.4475
13.4475
13.4475
13.4475
13.4475
13.4475
13.4475
13.4475
13.4475
13.4475
13.4475
13.4475
13.4475
13.4475
13.4475
13.4475
13.4475
13.4475
13.4475
13.4475
13.4474
13.4474
13.4474
13.4474
13.4474
13.4473
13.4473
13.4472
13.4472
13.4471
13.447
13.4469
13.4468
13.4467
13.4464
13.446
13.445
13.443
13.4389
13.4603
13.459
13.4032
32.5016
30.5639
23.2765
20.8665
18.7689
17.5109
16.7406
16.1959
15.755
15.3691
15.0209
14.7045
14.4181
14.1613
13.9335
13.7341
13.5621
13.416
13.2929
13.1905
13.1061
13.037
12.981
12.9358
12.8996
12.8707
12.8477
12.8295
12.8152
12.8041
12.7953
12.7886
12.7834
12.7795
12.7765
12.7743
12.7727
12.7715
12.7707
12.7702
12.7698
12.7697
12.7696
12.7696
12.7697
12.7699
12.77
12.7702
12.7703
12.7705
12.7706
12.7708
12.7709
12.771
12.7711
12.7712
12.7713
12.7714
12.7715
12.7716
12.7716
12.7717
12.7717
12.7718
12.7718
12.7718
12.7719
12.7719
12.7719
12.772
12.772
12.772
12.772
12.772
12.7721
12.7721
12.7721
12.7721
12.7721
12.7721
12.7721
12.7721
12.7721
12.7721
12.7722
12.7722
12.7722
12.7722
12.7722
12.7722
12.7722
12.7722
12.7722
12.7722
12.7722
12.7722
12.7723
12.7723
12.7723
12.7723
12.7723
12.7723
12.7723
12.7723
12.7723
12.7723
12.7723
12.7723
12.7723
12.7723
12.7723
12.7723
12.7723
12.7723
12.7723
12.7723
12.7723
12.7724
12.7724
12.7724
12.7724
12.7724
12.7724
12.7724
12.7724
12.7724
12.7724
12.7724
12.7724
12.7724
12.7724
12.7724
12.7724
12.7724
12.7724
12.7724
12.7724
12.7724
12.7724
12.7724
12.7724
12.7724
12.7725
12.7725
12.7725
12.7725
12.7725
12.7725
12.7725
12.7725
12.7725
12.7725
12.7725
12.7725
12.7725
12.7725
12.7725
12.7725
12.7725
12.7725
12.7725
12.7725
12.7725
12.7725
12.7725
12.7725
12.7725
12.7725
12.7725
12.7725
12.7725
12.7725
12.7725
12.7725
12.7725
12.7725
12.7725
12.7725
12.7725
12.7725
12.7725
12.7725
12.7725
12.7725
12.7725
12.7725
12.7725
12.7725
12.7725
12.7725
12.7725
12.7725
12.7725
12.7725
12.7725
12.7725
12.7725
12.7725
12.7725
12.7725
12.7725
12.7725
12.7725
12.7725
12.7725
12.7725
12.7725
12.7725
12.7725
12.7725
12.7725
12.7725
12.7725
12.7725
12.7725
12.7725
12.7725
12.7725
12.7725
12.7725
12.7725
12.7725
12.7725
12.7725
12.7725
12.7725
12.7725
12.7725
12.7725
12.7726
12.7726
12.7726
12.7726
12.7726
12.7726
12.7726
12.7726
12.7726
12.7726
12.7726
12.7726
12.7726
12.7726
12.7726
12.7726
12.7726
12.7726
12.7726
12.7726
12.7726
12.7726
12.7726
12.7726
12.7726
12.7726
12.7726
12.7726
12.7725
12.7725
12.7725
12.7725
12.7725
12.7725
12.7725
12.7725
12.7725
12.7725
12.7725
12.7725
12.7725
12.7725
12.7725
12.7725
12.7725
12.7725
12.7725
12.7725
12.7725
12.7725
12.7725
12.7725
12.7725
12.7725
12.7725
12.7725
12.7725
12.7725
12.7725
12.7725
12.7725
12.7725
12.7725
12.7726
12.7726
12.7726
12.7726
12.7726
12.7726
12.7726
12.7726
12.7726
12.7725
12.7725
12.7725
12.7725
12.7725
12.7725
12.7725
12.7725
12.7725
12.7725
12.7725
12.7725
12.7725
12.7725
12.7725
12.7725
12.7725
12.7725
12.7725
12.7725
12.7725
12.7725
12.7725
12.7725
12.7725
12.7725
12.7725
12.7725
12.7725
12.7725
12.7725
12.7725
12.7725
12.7725
12.7725
12.7725
12.7725
12.7725
12.7725
12.7725
12.7725
12.7725
12.7725
12.7725
12.7725
12.7725
12.7724
12.7724
12.7724
12.7724
12.7724
12.7724
12.7724
12.7724
12.7724
12.7724
12.7724
12.7724
12.7724
12.7724
12.7724
12.7724
12.7724
12.7724
12.7724
12.7724
12.7724
12.7724
12.7724
12.7724
12.7724
12.7724
12.7724
12.7724
12.7724
12.7724
12.7724
12.7724
12.7724
12.7724
12.7724
12.7724
12.7724
12.7724
12.7724
12.7724
12.7724
12.7724
12.7724
12.7724
12.7724
12.7724
12.7724
12.7724
12.7724
12.7724
12.7724
12.7724
12.7724
12.7724
12.7724
12.7724
12.7723
12.7723
12.7723
12.7723
12.7723
12.7723
12.7723
12.7723
12.7723
12.7723
12.7723
12.7723
12.7723
12.7723
12.7723
12.7723
12.7723
12.7723
12.7723
12.7722
12.7722
12.7722
12.7722
12.7722
12.7722
12.7722
12.7722
12.7722
12.7721
12.7721
12.7721
12.7721
12.7721
12.7721
12.7721
12.7721
12.7721
12.7721
12.7721
12.7721
12.7721
12.7721
12.7721
12.7721
12.7721
12.7721
12.7721
12.7721
12.7721
12.7721
12.7721
12.7721
12.7721
12.7721
12.7721
12.7721
12.7721
12.7721
12.7721
12.7721
12.7722
12.7722
12.7722
12.7722
12.7722
12.7722
12.7722
12.7722
12.7722
12.7722
12.7722
12.7722
12.7722
12.7721
12.7721
12.7721
12.7721
12.7721
12.772
12.772
12.772
12.772
12.7719
12.7718
12.7718
12.7717
12.7716
12.7715
12.7713
12.7711
12.7706
12.7697
12.7679
12.7645
12.7827
12.7819
12.7382
30.1468
27.5341
20.7434
18.7917
17.1222
16.1358
15.5116
15.0427
14.6418
14.2775
13.9408
13.6299
13.345
13.0869
12.8577
12.656
12.4809
12.3312
12.2049
12.0995
12.0124
11.941
11.8829
11.8357
11.7977
11.7672
11.7428
11.7234
11.7079
11.6957
11.6861
11.6785
11.6726
11.668
11.6645
11.6618
11.6597
11.6582
11.6572
11.6564
11.6559
11.6555
11.6553
11.6551
11.655
11.655
11.655
11.655
11.6551
11.6552
11.6552
11.6553
11.6554
11.6555
11.6555
11.6556
11.6557
11.6557
11.6558
11.6558
11.6559
11.6559
11.656
11.656
11.656
11.656
11.6561
11.6561
11.6561
11.6561
11.6562
11.6562
11.6562
11.6562
11.6562
11.6562
11.6563
11.6563
11.6563
11.6563
11.6563
11.6563
11.6563
11.6563
11.6563
11.6563
11.6563
11.6563
11.6564
11.6564
11.6564
11.6564
11.6564
11.6564
11.6564
11.6564
11.6564
11.6564
11.6564
11.6564
11.6564
11.6564
11.6565
11.6565
11.6565
11.6565
11.6565
11.6565
11.6565
11.6565
11.6565
11.6565
11.6565
11.6565
11.6565
11.6565
11.6565
11.6565
11.6565
11.6565
11.6565
11.6565
11.6565
11.6565
11.6565
11.6565
11.6565
11.6566
11.6566
11.6566
11.6566
11.6566
11.6566
11.6566
11.6566
11.6566
11.6566
11.6566
11.6566
11.6566
11.6566
11.6566
11.6566
11.6566
11.6566
11.6566
11.6566
11.6566
11.6566
11.6566
11.6566
11.6567
11.6567
11.6567
11.6567
11.6567
11.6566
11.6566
11.6566
11.6566
11.6566
11.6566
11.6566
11.6566
11.6566
11.6566
11.6566
11.6566
11.6566
11.6566
11.6566
11.6567
11.6567
11.6567
11.6567
11.6567
11.6567
11.6567
11.6567
11.6567
11.6567
11.6567
11.6567
11.6567
11.6567
11.6567
11.6567
11.6567
11.6566
11.6566
11.6566
11.6567
11.6567
11.6567
11.6567
11.6567
11.6567
11.6567
11.6567
11.6567
11.6567
11.6567
11.6567
11.6567
11.6567
11.6567
11.6567
11.6567
11.6567
11.6567
11.6567
11.6567
11.6567
11.6567
11.6567
11.6567
11.6567
11.6567
11.6567
11.6567
11.6567
11.6567
11.6567
11.6567
11.6567
11.6567
11.6567
11.6567
11.6567
11.6567
11.6567
11.6567
11.6567
11.6567
11.6567
11.6567
11.6567
11.6567
11.6567
11.6567
11.6567
11.6567
11.6567
11.6567
11.6567
11.6567
11.6567
11.6567
11.6567
11.6567
11.6567
11.6567
11.6567
11.6567
11.6567
11.6567
11.6567
11.6567
11.6567
11.6567
11.6567
11.6567
11.6567
11.6567
11.6567
11.6567
11.6567
11.6567
11.6567
11.6567
11.6567
11.6567
11.6567
11.6567
11.6567
11.6567
11.6567
11.6567
11.6567
11.6567
11.6567
11.6567
11.6567
11.6567
11.6567
11.6567
11.6567
11.6567
11.6567
11.6567
11.6567
11.6567
11.6567
11.6567
11.6567
11.6567
11.6567
11.6567
11.6567
11.6567
11.6567
11.6567
11.6567
11.6567
11.6567
11.6567
11.6567
11.6567
11.6567
11.6567
11.6567
11.6567
11.6567
11.6567
11.6567
11.6567
11.6567
11.6567
11.6567
11.6567
11.6567
11.6567
11.6567
11.6567
11.6567
11.6567
11.6567
11.6567
11.6567
11.6567
11.6567
11.6567
11.6567
11.6567
11.6567
11.6567
11.6567
11.6567
11.6567
11.6567
11.6567
11.6567
11.6567
11.6566
11.6566
11.6566
11.6566
11.6566
11.6566
11.6566
11.6566
11.6566
11.6566
11.6566
11.6566
11.6566
11.6566
11.6566
11.6566
11.6566
11.6566
11.6566
11.6566
11.6566
11.6566
11.6566
11.6566
11.6566
11.6566
11.6566
11.6566
11.6566
11.6566
11.6566
11.6566
11.6566
11.6566
11.6566
11.6566
11.6566
11.6566
11.6566
11.6566
11.6566
11.6566
11.6566
11.6566
11.6566
11.6566
11.6566
11.6566
11.6566
11.6566
11.6566
11.6566
11.6566
11.6565
11.6565
11.6565
11.6565
11.6565
11.6565
11.6565
11.6565
11.6565
11.6565
11.6565
11.6565
11.6565
11.6565
11.6565
11.6565
11.6565
11.6565
11.6565
11.6565
11.6565
11.6564
11.6564
11.6564
11.6564
11.6564
11.6564
11.6564
11.6564
11.6564
11.6564
11.6564
11.6563
11.6563
11.6563
11.6563
11.6563
11.6563
11.6563
11.6563
11.6563
11.6563
11.6563
11.6563
11.6563
11.6563
11.6563
11.6563
11.6563
11.6563
11.6563
11.6563
11.6563
11.6563
11.6563
11.6563
11.6563
11.6563
11.6563
11.6563
11.6563
11.6563
11.6563
11.6563
11.6563
11.6563
11.6563
11.6563
11.6563
11.6563
11.6563
11.6564
11.6564
11.6564
11.6564
11.6564
11.6564
11.6563
11.6563
11.6563
11.6563
11.6563
11.6563
11.6563
11.6562
11.6562
11.6562
11.6562
11.6561
11.6561
11.656
11.656
11.6559
11.6558
11.6557
11.6555
11.6553
11.6549
11.654
11.6525
11.6498
11.6644
11.6689
11.653
)
;
    }
}


// ************************************************************************* //
