# Re > 1e3.5
# 6.309573444801930236e+03 4.766585835069761523e-02
# 8.208914159638254205e+03 4.109388946664581377e-02
# Re > 1e4
# 1.068000432514575550e+04 3.468410971278831217e-02
1.389495494373135989e+04 2.870236970344058197e-02
1.807768676963434336e+04 2.599708774653736523e-02
2.351952635070956603e+04 2.535518497711255342e-02
3.059949687207195893e+04 2.434981178109012212e-02
3.981071705534969078e+04 2.309823789649363343e-02
5.179474679231212940e+04 2.178599605025506591e-02
6.738627168030940811e+04 2.046911477282068945e-02
8.767123872968686919e+04 1.919902096191841712e-02
1.140624923851320345e+05 1.800207997167916837e-02
1.483981788967563189e+05 1.691899328316084222e-02
1.930697728883249511e+05 1.561897684361400994e-02
2.511886431509582035e+05 1.422409942369998181e-02
3.268027589410125511e+05 1.321164258967416974e-02
4.251786303382885526e+05 1.237348577007814886e-02
5.531681197617227444e+05 1.165732892574342788e-02
7.196856730011528125e+05 1.141567507552254841e-02
9.363292088239416480e+05 1.072000365932729987e-02
# Re > 1e6
1.218187912010114873e+06 1.016330531285897405e-02
1.584893192461114144e+06 9.958587174248439977e-03