# Re > 1e3.5
# 3.162277660168379498e+03 8.094679999999999931e-02
# 6.309573444801930236e+03 5.042330679975157853e-02
# 7.943282347242813557e+03 4.252217718791011236e-02
# 1.000000000000000000e+04 3.566740000000000882e-02
# Re > 1e4
1.274274985703132188e+04 2.945922234598567085e-02
1.683898032392891764e+04 2.637124604391243368e-02
2.225196770956026376e+04 2.477519608475654833e-02
2.940499112310755663e+04 2.313685185076507639e-02
3.885739518570976361e+04 2.171808839389372664e-02
5.134832907437549147e+04 2.038813709690793716e-02
6.785454573393569444e+04 1.916989816939840274e-02
8.966678097917788546e+04 1.805000303706722972e-02
1.184906851000666065e+05 1.702413655498984449e-02
1.565801995138364146e+05 1.608176483988931274e-02
2.069138081114790111e+05 1.522339167580054504e-02
2.734274456165232696e+05 1.442170899966703848e-02
3.613222756796247559e+05 1.369553532244925653e-02
4.774714060175297200e+05 1.301297371422606257e-02
6.309573444801929872e+05 1.241092943171706771e-02
7.943282347242821706e+05 1.180295318716868824e-02
# Re > 1e6
1.122018454301965190e+06 1.110750475683165359e-02
1.584893192461114144e+06 1.081489977382218970e-02
1.995262314968878869e+06 1.037378953576279482e-02
2.511886431509582326e+06 9.718755243354628912e-03