/*--------------------------------*- C++ -*----------------------------------*\
| =========                 |                                                 |
| \\      /  F ield         | OpenFOAM: The Open Source CFD Toolbox           |
|  \\    /   O peration     | Version:  2412                                  |
|   \\  /    A nd           | Website:  www.openfoam.com                      |
|    \\/     M anipulation  |                                                 |
\*---------------------------------------------------------------------------*/
FoamFile
{
    version     2.0;
    format      ascii;
    arch        "LSB;label=32;scalar=64";
    class       regIOobject;
    location    "constant/polyMesh";
    object      faceZones;
    meta
    {
        names           1 ( outputFace );
    }
}
// * * * * * * * * * * * * * * * * * * * * * * * * * * * * * * * * * * * * * //

1
(outputFace
{
    type            faceZone;
    faceLabels      List<label> 
324
(
103514
103519
103523
103527
103531
103534
103539
103543
103546
103549
103552
103554
103558
103562
103565
103568
103571
103573
103577
103581
103584
103587
103590
103592
103596
103600
103603
103606
103609
103611
103615
103619
103622
103625
103628
103630
103634
103638
103641
103644
103647
103649
103653
103657
103660
103663
103666
103668
103672
103676
103679
103682
103685
103687
103691
103695
103698
103701
103704
103706
103710
103714
103717
103720
103723
103725
103728
103731
103733
103735
103737
103738
211994
211998
212002
212006
212010
212013
212018
212021
212024
212027
212030
212032
212036
212039
212042
212045
212048
212050
212054
212057
212060
212063
212066
212068
212072
212075
212078
212081
212084
212086
212090
212093
212096
212099
212102
212104
212108
212111
212114
212117
212120
212122
212126
212129
212132
212135
212138
212140
212144
212147
212150
212153
212156
212158
212162
212165
212168
212171
212174
212176
212180
212183
212186
212189
212192
212194
212197
212199
212201
212203
212205
212206
319922
319926
319930
319934
319938
319941
319946
319949
319952
319955
319958
319960
319964
319967
319970
319973
319976
319978
319982
319985
319988
319991
319994
319996
320000
320003
320006
320009
320012
320014
320018
320021
320024
320027
320030
320032
320036
320039
320042
320045
320048
320050
320054
320057
320060
320063
320066
320068
320072
320075
320078
320081
320084
320086
320090
320093
320096
320099
320102
320104
320108
320111
320114
320117
320120
320122
320125
320127
320129
320131
320133
320134
422402
422406
422410
422414
422418
422421
422425
422428
422431
422434
422437
422439
422442
422445
422448
422451
422454
422456
422459
422462
422465
422468
422471
422473
422476
422479
422482
422485
422488
422490
422493
422496
422499
422502
422505
422507
422510
422513
422516
422519
422522
422524
422527
422530
422533
422536
422539
422541
422544
422547
422550
422553
422556
422558
422561
422564
422567
422570
422573
422575
422578
422581
422584
422587
422590
422592
422594
422596
422598
422600
422602
422603
475298
475301
475304
475307
475310
475312
475315
475318
475321
475324
475327
475329
475332
475335
475338
475341
475344
475346
475349
475352
475355
475358
475361
475363
475366
475369
475372
475375
475378
475380
475382
475384
475386
475388
475390
475391
)
;
    flipMap         List<bool> 324{0};
}
)

// ************************************************************************* //
