# y+ ()       
# Time        	patch         	min           	max           	average       
1             	pipe	2.954745e+01	7.403708e+01	6.652466e+01
2             	pipe	1.148455e+02	3.350538e+02	3.048875e+02
3             	pipe	1.678592e+02	4.169105e+02	3.788592e+02
4             	pipe	1.980607e+02	4.032283e+02	3.441850e+02
5             	pipe	2.206405e+02	4.120708e+02	3.152954e+02
6             	pipe	2.208124e+02	3.690458e+02	2.727185e+02
7             	pipe	1.645321e+02	2.769821e+02	1.960188e+02
8             	pipe	1.452885e+02	3.074598e+02	1.903922e+02
9             	pipe	1.405806e+02	3.511056e+02	2.074110e+02
10            	pipe	1.427026e+02	3.607094e+02	2.045672e+02
11            	pipe	1.321718e+02	3.415983e+02	1.734467e+02
12            	pipe	1.138922e+02	3.122109e+02	1.657721e+02
13            	pipe	9.650388e+01	2.978821e+02	1.696361e+02
14            	pipe	7.940290e+01	2.838902e+02	1.686364e+02
15            	pipe	6.219648e+01	2.680925e+02	1.667220e+02
16            	pipe	4.971962e+01	2.604720e+02	1.729659e+02
17            	pipe	4.062164e+01	2.561864e+02	1.806261e+02
18            	pipe	3.403245e+01	2.473165e+02	1.821967e+02
19            	pipe	2.929721e+01	2.331005e+02	1.813091e+02
20            	pipe	2.590178e+01	2.261121e+02	1.801822e+02
21            	pipe	2.345092e+01	2.221097e+02	1.789752e+02
22            	pipe	2.165519e+01	2.171328e+02	1.776561e+02
23            	pipe	2.005208e+01	2.116718e+02	1.764674e+02
24            	pipe	1.881120e+01	2.059192e+02	1.755191e+02
25            	pipe	1.785938e+01	2.016173e+02	1.746157e+02
26            	pipe	1.713104e+01	1.982056e+02	1.734977e+02
27            	pipe	1.657717e+01	1.938929e+02	1.720626e+02
28            	pipe	1.615734e+01	1.901893e+02	1.703637e+02
29            	pipe	1.583783e+01	1.869052e+02	1.685108e+02
30            	pipe	1.559192e+01	1.830536e+02	1.665993e+02
31            	pipe	1.539977e+01	1.787970e+02	1.646874e+02
32            	pipe	1.524746e+01	1.760230e+02	1.627933e+02
33            	pipe	1.512548e+01	1.733564e+02	1.609074e+02
34            	pipe	1.502730e+01	1.711007e+02	1.590125e+02
35            	pipe	1.494825e+01	1.689294e+02	1.570978e+02
36            	pipe	1.488480e+01	1.669353e+02	1.551653e+02
37            	pipe	1.483416e+01	1.652547e+02	1.532270e+02
38            	pipe	1.479410e+01	1.633885e+02	1.512970e+02
39            	pipe	1.476277e+01	1.616462e+02	1.493861e+02
40            	pipe	1.473861e+01	1.598804e+02	1.474997e+02
41            	pipe	1.472026e+01	1.580867e+02	1.456390e+02
42            	pipe	1.470654e+01	1.563985e+02	1.438031e+02
43            	pipe	1.469646e+01	1.545817e+02	1.419909e+02
44            	pipe	1.468916e+01	1.528713e+02	1.402025e+02
45            	pipe	1.468399e+01	1.511254e+02	1.384394e+02
46            	pipe	1.468039e+01	1.493297e+02	1.367033e+02
47            	pipe	1.467791e+01	1.476386e+02	1.349955e+02
48            	pipe	1.467621e+01	1.458511e+02	1.333169e+02
49            	pipe	1.467501e+01	1.441861e+02	1.316676e+02
50            	pipe	1.467414e+01	1.424740e+02	1.300472e+02
51            	pipe	1.467346e+01	1.408224e+02	1.284556e+02
52            	pipe	1.467287e+01	1.391752e+02	1.268924e+02
53            	pipe	1.467233e+01	1.375651e+02	1.253573e+02
54            	pipe	1.467179e+01	1.359734e+02	1.238500e+02
55            	pipe	1.467126e+01	1.344226e+02	1.223699e+02
56            	pipe	1.467073e+01	1.328815e+02	1.209167e+02
57            	pipe	1.467021e+01	1.313978e+02	1.194900e+02
58            	pipe	1.466971e+01	1.299420e+02	1.180897e+02
59            	pipe	1.466924e+01	1.285442e+02	1.167153e+02
60            	pipe	1.466879e+01	1.271691e+02	1.153666e+02
61            	pipe	1.466838e+01	1.258168e+02	1.140432e+02
62            	pipe	1.466799e+01	1.244867e+02	1.127447e+02
63            	pipe	1.466762e+01	1.231781e+02	1.114703e+02
64            	pipe	1.466728e+01	1.218904e+02	1.102192e+02
65            	pipe	1.466694e+01	1.206234e+02	1.089909e+02
66            	pipe	1.466663e+01	1.193771e+02	1.077848e+02
67            	pipe	1.466632e+01	1.181512e+02	1.066007e+02
68            	pipe	1.466603e+01	1.169456e+02	1.054382e+02
69            	pipe	1.466575e+01	1.157598e+02	1.042970e+02
70            	pipe	1.466549e+01	1.145936e+02	1.031768e+02
71            	pipe	1.466525e+01	1.134465e+02	1.020771e+02
72            	pipe	1.466503e+01	1.123183e+02	1.009977e+02
73            	pipe	1.466482e+01	1.112086e+02	9.993799e+01
74            	pipe	1.466464e+01	1.101172e+02	9.889771e+01
75            	pipe	1.466448e+01	1.090437e+02	9.787647e+01
76            	pipe	1.466434e+01	1.079879e+02	9.687393e+01
77            	pipe	1.466421e+01	1.069495e+02	9.588971e+01
78            	pipe	1.466410e+01	1.059281e+02	9.492350e+01
79            	pipe	1.466401e+01	1.049234e+02	9.397496e+01
80            	pipe	1.466393e+01	1.039352e+02	9.304382e+01
81            	pipe	1.466387e+01	1.029632e+02	9.212977e+01
82            	pipe	1.466382e+01	1.020072e+02	9.123254e+01
83            	pipe	1.466377e+01	1.010669e+02	9.035188e+01
84            	pipe	1.466374e+01	1.001423e+02	8.948753e+01
85            	pipe	1.466371e+01	9.923325e+01	8.863923e+01
86            	pipe	1.466369e+01	9.833918e+01	8.780674e+01
87            	pipe	1.466367e+01	9.745986e+01	8.698981e+01
88            	pipe	1.466366e+01	9.659508e+01	8.618823e+01
89            	pipe	1.466365e+01	9.574462e+01	8.540175e+01
90            	pipe	1.466364e+01	9.490827e+01	8.463017e+01
91            	pipe	1.466363e+01	9.408580e+01	8.387323e+01
92            	pipe	1.466362e+01	9.327701e+01	8.313066e+01
93            	pipe	1.466362e+01	9.248167e+01	8.240222e+01
94            	pipe	1.466361e+01	9.169956e+01	8.168764e+01
95            	pipe	1.466361e+01	9.093047e+01	8.098666e+01
96            	pipe	1.466361e+01	9.017420e+01	8.029903e+01
97            	pipe	1.466361e+01	8.943054e+01	7.962448e+01
98            	pipe	1.466360e+01	8.869930e+01	7.896275e+01
99            	pipe	1.466360e+01	8.798138e+01	7.831358e+01
100           	pipe	1.466360e+01	8.727604e+01	7.767670e+01
101           	pipe	1.466360e+01	8.658298e+01	7.705185e+01
102           	pipe	1.466360e+01	8.590106e+01	7.643879e+01
103           	pipe	1.466360e+01	8.523098e+01	7.583725e+01
104           	pipe	1.466360e+01	8.457160e+01	7.524704e+01
105           	pipe	1.466361e+01	8.392386e+01	7.466793e+01
106           	pipe	1.466361e+01	8.328629e+01	7.409973e+01
107           	pipe	1.466361e+01	8.266028e+01	7.354225e+01
108           	pipe	1.466361e+01	8.204420e+01	7.299532e+01
109           	pipe	1.466362e+01	8.143899e+01	7.245877e+01
110           	pipe	1.466362e+01	8.084393e+01	7.193243e+01
111           	pipe	1.466362e+01	8.025854e+01	7.141593e+01
112           	pipe	1.466362e+01	7.968406e+01	7.090949e+01
113           	pipe	1.466363e+01	7.911890e+01	7.041289e+01
114           	pipe	1.466363e+01	7.856401e+01	6.992591e+01
115           	pipe	1.466363e+01	7.801876e+01	6.944838e+01
116           	pipe	1.466363e+01	7.748246e+01	6.898013e+01
117           	pipe	1.466364e+01	7.695648e+01	6.852102e+01
118           	pipe	1.466364e+01	7.643936e+01	6.807090e+01
119           	pipe	1.466364e+01	7.593090e+01	6.762962e+01
120           	pipe	1.466364e+01	7.543254e+01	6.719706e+01
121           	pipe	1.466364e+01	7.494255e+01	6.677305e+01
122           	pipe	1.466365e+01	7.446091e+01	6.635746e+01
123           	pipe	1.466365e+01	7.398889e+01	6.595016e+01
124           	pipe	1.466365e+01	7.352502e+01	6.555101e+01
125           	pipe	1.466365e+01	7.306917e+01	6.515988e+01
126           	pipe	1.466365e+01	7.262220e+01	6.477663e+01
127           	pipe	1.466365e+01	7.218345e+01	6.440116e+01
128           	pipe	1.466365e+01	7.175238e+01	6.403332e+01
129           	pipe	1.466365e+01	7.132920e+01	6.367300e+01
130           	pipe	1.466366e+01	7.091459e+01	6.332007e+01
131           	pipe	1.466366e+01	7.050713e+01	6.297424e+01
132           	pipe	1.466366e+01	7.010713e+01	6.263567e+01
133           	pipe	1.466366e+01	6.971497e+01	6.230421e+01
134           	pipe	1.466366e+01	6.933062e+01	6.197972e+01
135           	pipe	1.466366e+01	6.895330e+01	6.166207e+01
136           	pipe	1.466366e+01	6.858295e+01	6.135112e+01
137           	pipe	1.466366e+01	6.821980e+01	6.104676e+01
138           	pipe	1.466366e+01	6.786409e+01	6.074888e+01
139           	pipe	1.466366e+01	6.751502e+01	6.045738e+01
140           	pipe	1.466366e+01	6.717255e+01	6.017214e+01
141           	pipe	1.466366e+01	6.683662e+01	5.989306e+01
142           	pipe	1.466366e+01	6.650771e+01	5.962005e+01
143           	pipe	1.466367e+01	6.618534e+01	5.935299e+01
144           	pipe	1.466367e+01	6.586920e+01	5.909178e+01
145           	pipe	1.466367e+01	6.555923e+01	5.883634e+01
146           	pipe	1.466367e+01	6.525536e+01	5.858654e+01
147           	pipe	1.466367e+01	6.495778e+01	5.834230e+01
148           	pipe	1.466367e+01	6.466644e+01	5.810352e+01
149           	pipe	1.466367e+01	6.438091e+01	5.787010e+01
150           	pipe	1.466367e+01	6.410111e+01	5.764194e+01
151           	pipe	1.466367e+01	6.382698e+01	5.741895e+01
152           	pipe	1.466367e+01	6.355847e+01	5.720103e+01
153           	pipe	1.466367e+01	6.329550e+01	5.698809e+01
154           	pipe	1.466367e+01	6.303837e+01	5.678004e+01
155           	pipe	1.466367e+01	6.278657e+01	5.657677e+01
156           	pipe	1.466367e+01	6.253999e+01	5.637821e+01
157           	pipe	1.466367e+01	6.229856e+01	5.618425e+01
158           	pipe	1.466367e+01	6.206220e+01	5.599482e+01
159           	pipe	1.466367e+01	6.183083e+01	5.580980e+01
160           	pipe	1.466367e+01	6.160437e+01	5.562913e+01
161           	pipe	1.466367e+01	6.138273e+01	5.545271e+01
162           	pipe	1.466367e+01	6.116586e+01	5.528045e+01
163           	pipe	1.466367e+01	6.095385e+01	5.511227e+01
164           	pipe	1.466367e+01	6.074639e+01	5.494809e+01
165           	pipe	1.466367e+01	6.054341e+01	5.478781e+01
166           	pipe	1.466367e+01	6.034484e+01	5.463136e+01
167           	pipe	1.466367e+01	6.015060e+01	5.447866e+01
168           	pipe	1.466367e+01	5.996062e+01	5.432961e+01
169           	pipe	1.466367e+01	5.977480e+01	5.418415e+01
170           	pipe	1.466367e+01	5.959309e+01	5.404219e+01
171           	pipe	1.466367e+01	5.941541e+01	5.390366e+01
172           	pipe	1.466367e+01	5.924167e+01	5.376848e+01
173           	pipe	1.466367e+01	5.907182e+01	5.363656e+01
174           	pipe	1.466367e+01	5.890576e+01	5.350785e+01
175           	pipe	1.466367e+01	5.874343e+01	5.338226e+01
176           	pipe	1.466367e+01	5.858476e+01	5.325971e+01
177           	pipe	1.466367e+01	5.842965e+01	5.314015e+01
178           	pipe	1.466367e+01	5.827805e+01	5.302350e+01
179           	pipe	1.466367e+01	5.812988e+01	5.290968e+01
180           	pipe	1.466367e+01	5.798506e+01	5.279864e+01
181           	pipe	1.466367e+01	5.784353e+01	5.269031e+01
182           	pipe	1.466367e+01	5.770522e+01	5.258461e+01
183           	pipe	1.466367e+01	5.757006e+01	5.248150e+01
184           	pipe	1.466367e+01	5.743797e+01	5.238089e+01
185           	pipe	1.466367e+01	5.730890e+01	5.228274e+01
186           	pipe	1.466367e+01	5.718278e+01	5.218698e+01
187           	pipe	1.466367e+01	5.705953e+01	5.209355e+01
188           	pipe	1.466367e+01	5.693911e+01	5.200240e+01
189           	pipe	1.466367e+01	5.685293e+01	5.191346e+01
190           	pipe	1.466367e+01	5.685296e+01	5.182669e+01
191           	pipe	1.466367e+01	5.685297e+01	5.174203e+01
192           	pipe	1.466367e+01	5.685296e+01	5.165942e+01
193           	pipe	1.466367e+01	5.685293e+01	5.157882e+01
194           	pipe	1.466367e+01	5.685289e+01	5.150017e+01
195           	pipe	1.466367e+01	5.685283e+01	5.142343e+01
196           	pipe	1.466367e+01	5.685276e+01	5.134854e+01
197           	pipe	1.466367e+01	5.685268e+01	5.127546e+01
198           	pipe	1.466367e+01	5.685259e+01	5.120415e+01
199           	pipe	1.466367e+01	5.685249e+01	5.113455e+01
200           	pipe	1.466367e+01	5.685238e+01	5.106663e+01
201           	pipe	1.466367e+01	5.685227e+01	5.100035e+01
202           	pipe	1.466367e+01	5.685215e+01	5.093565e+01
203           	pipe	1.466367e+01	5.685203e+01	5.087251e+01
204           	pipe	1.466367e+01	5.685191e+01	5.081088e+01
205           	pipe	1.466367e+01	5.685178e+01	5.075072e+01
206           	pipe	1.466367e+01	5.685165e+01	5.069201e+01
207           	pipe	1.466367e+01	5.685152e+01	5.063469e+01
208           	pipe	1.466367e+01	5.685139e+01	5.057874e+01
209           	pipe	1.466367e+01	5.685125e+01	5.052413e+01
210           	pipe	1.466367e+01	5.685112e+01	5.047081e+01
211           	pipe	1.466367e+01	5.685099e+01	5.041876e+01
212           	pipe	1.466367e+01	5.685086e+01	5.036795e+01
213           	pipe	1.466367e+01	5.685073e+01	5.031834e+01
214           	pipe	1.466367e+01	5.685060e+01	5.026991e+01
215           	pipe	1.466367e+01	5.685048e+01	5.022262e+01
216           	pipe	1.466367e+01	5.685035e+01	5.017646e+01
217           	pipe	1.466367e+01	5.685023e+01	5.013139e+01
218           	pipe	1.466367e+01	5.685011e+01	5.008738e+01
219           	pipe	1.466367e+01	5.684999e+01	5.004441e+01
220           	pipe	1.466367e+01	5.684988e+01	5.000246e+01
221           	pipe	1.466367e+01	5.684976e+01	4.996150e+01
222           	pipe	1.466367e+01	5.684965e+01	4.992151e+01
223           	pipe	1.466367e+01	5.684955e+01	4.988247e+01
224           	pipe	1.466367e+01	5.684944e+01	4.984434e+01
225           	pipe	1.466367e+01	5.684934e+01	4.980712e+01
226           	pipe	1.466367e+01	5.684924e+01	4.977078e+01
227           	pipe	1.466367e+01	5.684915e+01	4.973530e+01
228           	pipe	1.466367e+01	5.684905e+01	4.970066e+01
229           	pipe	1.466367e+01	5.684896e+01	4.966684e+01
230           	pipe	1.466367e+01	5.684888e+01	4.963383e+01
231           	pipe	1.466367e+01	5.684879e+01	4.960160e+01
232           	pipe	1.466367e+01	5.684871e+01	4.957013e+01
233           	pipe	1.466367e+01	5.684863e+01	4.953941e+01
234           	pipe	1.466367e+01	5.684855e+01	4.950943e+01
235           	pipe	1.466367e+01	5.684848e+01	4.948016e+01
236           	pipe	1.466367e+01	5.684841e+01	4.945159e+01
237           	pipe	1.466367e+01	5.684834e+01	4.942370e+01
238           	pipe	1.466367e+01	5.684828e+01	4.939649e+01
239           	pipe	1.466367e+01	5.684821e+01	4.936992e+01
240           	pipe	1.466367e+01	5.684815e+01	4.934400e+01
241           	pipe	1.466367e+01	5.684809e+01	4.931871e+01
242           	pipe	1.466367e+01	5.684803e+01	4.929403e+01
243           	pipe	1.466367e+01	5.684798e+01	4.926994e+01
244           	pipe	1.466367e+01	5.684793e+01	4.924644e+01
245           	pipe	1.466367e+01	5.684788e+01	4.922352e+01
246           	pipe	1.466367e+01	5.684783e+01	4.920115e+01
247           	pipe	1.466367e+01	5.684778e+01	4.917932e+01
248           	pipe	1.466367e+01	5.684774e+01	4.915803e+01
249           	pipe	1.466367e+01	5.684769e+01	4.913726e+01
250           	pipe	1.466367e+01	5.684765e+01	4.911699e+01
251           	pipe	1.466367e+01	5.684761e+01	4.909722e+01
252           	pipe	1.466367e+01	5.684757e+01	4.907794e+01
253           	pipe	1.466367e+01	5.684754e+01	4.905913e+01
254           	pipe	1.466367e+01	5.684750e+01	4.904077e+01
255           	pipe	1.466367e+01	5.684747e+01	4.902288e+01
256           	pipe	1.466367e+01	5.684744e+01	4.900542e+01
257           	pipe	1.466367e+01	5.684741e+01	4.898839e+01
258           	pipe	1.466367e+01	5.684738e+01	4.897179e+01
259           	pipe	1.466367e+01	5.684735e+01	4.895559e+01
260           	pipe	1.466367e+01	5.684732e+01	4.893981e+01
261           	pipe	1.466367e+01	5.684730e+01	4.892441e+01
262           	pipe	1.466367e+01	5.684727e+01	4.890941e+01
263           	pipe	1.466367e+01	5.684725e+01	4.889478e+01
264           	pipe	1.466367e+01	5.684723e+01	4.888052e+01
265           	pipe	1.466367e+01	5.684720e+01	4.886662e+01
266           	pipe	1.466367e+01	5.684718e+01	4.885307e+01
267           	pipe	1.466367e+01	5.684716e+01	4.883986e+01
268           	pipe	1.466367e+01	5.684715e+01	4.882699e+01
269           	pipe	1.466367e+01	5.684713e+01	4.881443e+01
270           	pipe	1.466367e+01	5.684711e+01	4.880220e+01
271           	pipe	1.466367e+01	5.684709e+01	4.879027e+01
272           	pipe	1.466367e+01	5.684708e+01	4.877864e+01
273           	pipe	1.466367e+01	5.684706e+01	4.876731e+01
274           	pipe	1.466367e+01	5.684705e+01	4.875627e+01
275           	pipe	1.466367e+01	5.684704e+01	4.874551e+01
276           	pipe	1.466367e+01	5.684702e+01	4.873503e+01
277           	pipe	1.466367e+01	5.684701e+01	4.872481e+01
278           	pipe	1.466367e+01	5.684700e+01	4.871485e+01
279           	pipe	1.466367e+01	5.684699e+01	4.870516e+01
280           	pipe	1.466367e+01	5.684698e+01	4.869571e+01
281           	pipe	1.466367e+01	5.684697e+01	4.868651e+01
282           	pipe	1.466367e+01	5.684696e+01	4.867755e+01
283           	pipe	1.466367e+01	5.684695e+01	4.866881e+01
284           	pipe	1.466367e+01	5.684694e+01	4.866031e+01
285           	pipe	1.466367e+01	5.684693e+01	4.865202e+01
286           	pipe	1.466367e+01	5.684692e+01	4.864395e+01
287           	pipe	1.466367e+01	5.684692e+01	4.863609e+01
288           	pipe	1.466367e+01	5.684691e+01	4.862844e+01
289           	pipe	1.466367e+01	5.684690e+01	4.862099e+01
290           	pipe	1.466367e+01	5.684690e+01	4.861373e+01
291           	pipe	1.466367e+01	5.684689e+01	4.860666e+01
292           	pipe	1.466367e+01	5.684688e+01	4.859978e+01
293           	pipe	1.466367e+01	5.684688e+01	4.859309e+01
294           	pipe	1.466367e+01	5.684687e+01	4.858657e+01
295           	pipe	1.466367e+01	5.684687e+01	4.858022e+01
296           	pipe	1.466367e+01	5.684686e+01	4.857404e+01
297           	pipe	1.466367e+01	5.684686e+01	4.856803e+01
298           	pipe	1.466367e+01	5.684685e+01	4.856218e+01
299           	pipe	1.466367e+01	5.684685e+01	4.855648e+01
300           	pipe	1.466367e+01	5.684685e+01	4.855094e+01
301           	pipe	1.466367e+01	5.684684e+01	4.854555e+01
302           	pipe	1.466367e+01	5.684684e+01	4.854030e+01
303           	pipe	1.466367e+01	5.684683e+01	4.853520e+01
304           	pipe	1.466367e+01	5.684683e+01	4.853024e+01
305           	pipe	1.466367e+01	5.684683e+01	4.852541e+01
306           	pipe	1.466367e+01	5.684683e+01	4.852071e+01
307           	pipe	1.466367e+01	5.684682e+01	4.851614e+01
308           	pipe	1.466367e+01	5.684682e+01	4.851169e+01
309           	pipe	1.466367e+01	5.684682e+01	4.850737e+01
310           	pipe	1.466367e+01	5.684682e+01	4.850317e+01
311           	pipe	1.466367e+01	5.684681e+01	4.849909e+01
312           	pipe	1.466367e+01	5.684681e+01	4.849511e+01
313           	pipe	1.466367e+01	5.684681e+01	4.849125e+01
314           	pipe	1.466367e+01	5.684681e+01	4.848750e+01
315           	pipe	1.466367e+01	5.684681e+01	4.848385e+01
316           	pipe	1.466367e+01	5.684680e+01	4.848031e+01
317           	pipe	1.466367e+01	5.684680e+01	4.847687e+01
318           	pipe	1.466367e+01	5.684680e+01	4.847352e+01
319           	pipe	1.466367e+01	5.684680e+01	4.847028e+01
320           	pipe	1.466367e+01	5.684680e+01	4.846712e+01
321           	pipe	1.466367e+01	5.684680e+01	4.846406e+01
322           	pipe	1.466367e+01	5.684679e+01	4.846109e+01
323           	pipe	1.466367e+01	5.684679e+01	4.845820e+01
324           	pipe	1.466367e+01	5.684679e+01	4.845540e+01
325           	pipe	1.466367e+01	5.684679e+01	4.845268e+01
326           	pipe	1.466367e+01	5.684679e+01	4.845005e+01
327           	pipe	1.466367e+01	5.684679e+01	4.844749e+01
328           	pipe	1.466367e+01	5.684679e+01	4.844501e+01
329           	pipe	1.466367e+01	5.684679e+01	4.844261e+01
330           	pipe	1.466367e+01	5.684679e+01	4.844028e+01
331           	pipe	1.466367e+01	5.684679e+01	4.843803e+01
332           	pipe	1.466367e+01	5.684678e+01	4.843585e+01
333           	pipe	1.466367e+01	5.684678e+01	4.843373e+01
334           	pipe	1.466367e+01	5.684678e+01	4.843169e+01
335           	pipe	1.466367e+01	5.684678e+01	4.842971e+01
336           	pipe	1.466367e+01	5.684678e+01	4.842779e+01
337           	pipe	1.466367e+01	5.684678e+01	4.842594e+01
338           	pipe	1.466367e+01	5.684678e+01	4.842415e+01
339           	pipe	1.466367e+01	5.684678e+01	4.842243e+01
340           	pipe	1.466367e+01	5.684678e+01	4.842076e+01
341           	pipe	1.466367e+01	5.684678e+01	4.841915e+01
342           	pipe	1.466367e+01	5.684678e+01	4.841759e+01
343           	pipe	1.466367e+01	5.684678e+01	4.841610e+01
344           	pipe	1.466367e+01	5.684678e+01	4.841466e+01
345           	pipe	1.466367e+01	5.684678e+01	4.841327e+01
346           	pipe	1.466367e+01	5.684678e+01	4.841193e+01
347           	pipe	1.466367e+01	5.684678e+01	4.841065e+01
348           	pipe	1.466367e+01	5.684678e+01	4.840942e+01
349           	pipe	1.466367e+01	5.684678e+01	4.840823e+01
350           	pipe	1.466367e+01	5.684678e+01	4.840710e+01
351           	pipe	1.466367e+01	5.684678e+01	4.840601e+01
352           	pipe	1.466367e+01	5.684678e+01	4.840497e+01
353           	pipe	1.466367e+01	5.684677e+01	4.840398e+01
354           	pipe	1.466367e+01	5.684677e+01	4.840304e+01
355           	pipe	1.466367e+01	5.684677e+01	4.840214e+01
356           	pipe	1.466367e+01	5.684677e+01	4.840129e+01
357           	pipe	1.466367e+01	5.684677e+01	4.840049e+01
358           	pipe	1.466367e+01	5.684677e+01	4.839973e+01
359           	pipe	1.466367e+01	5.684677e+01	4.839901e+01
360           	pipe	1.466367e+01	5.684677e+01	4.839834e+01
361           	pipe	1.466367e+01	5.684677e+01	4.839772e+01
362           	pipe	1.466367e+01	5.684677e+01	4.839714e+01
363           	pipe	1.466367e+01	5.684677e+01	4.839661e+01
364           	pipe	1.466367e+01	5.684677e+01	4.839613e+01
365           	pipe	1.466367e+01	5.684677e+01	4.839569e+01
366           	pipe	1.466367e+01	5.684677e+01	4.839529e+01
367           	pipe	1.466367e+01	5.684677e+01	4.839494e+01
368           	pipe	1.466367e+01	5.684677e+01	4.839464e+01
369           	pipe	1.466367e+01	5.684677e+01	4.839438e+01
370           	pipe	1.466367e+01	5.684677e+01	4.839417e+01
371           	pipe	1.466367e+01	5.684677e+01	4.839401e+01
372           	pipe	1.466367e+01	5.684677e+01	4.839389e+01
373           	pipe	1.466367e+01	5.684677e+01	4.839381e+01
374           	pipe	1.466367e+01	5.684677e+01	4.839378e+01
375           	pipe	1.466367e+01	5.684677e+01	4.839379e+01
376           	pipe	1.466367e+01	5.684677e+01	4.839384e+01
377           	pipe	1.466367e+01	5.684677e+01	4.839394e+01
378           	pipe	1.466367e+01	5.684677e+01	4.839407e+01
379           	pipe	1.466367e+01	5.684677e+01	4.839425e+01
380           	pipe	1.466367e+01	5.684677e+01	4.839446e+01
381           	pipe	1.466367e+01	5.684677e+01	4.839471e+01
382           	pipe	1.466367e+01	5.684677e+01	4.839499e+01
383           	pipe	1.466367e+01	5.684677e+01	4.839530e+01
384           	pipe	1.466367e+01	5.684677e+01	4.839565e+01
385           	pipe	1.466367e+01	5.684677e+01	4.839603e+01
386           	pipe	1.466367e+01	5.684677e+01	4.839644e+01
387           	pipe	1.466367e+01	5.684677e+01	4.839687e+01
388           	pipe	1.466367e+01	5.684677e+01	4.839733e+01
389           	pipe	1.466367e+01	5.684677e+01	4.839781e+01
390           	pipe	1.466367e+01	5.684677e+01	4.839831e+01
391           	pipe	1.466367e+01	5.684677e+01	4.839883e+01
392           	pipe	1.466367e+01	5.684677e+01	4.839937e+01
393           	pipe	1.466367e+01	5.684677e+01	4.839992e+01
394           	pipe	1.466367e+01	5.684677e+01	4.840049e+01
395           	pipe	1.466367e+01	5.684677e+01	4.840108e+01
396           	pipe	1.466367e+01	5.684677e+01	4.840167e+01
397           	pipe	1.466367e+01	5.684677e+01	4.840228e+01
398           	pipe	1.466367e+01	5.684677e+01	4.840290e+01
399           	pipe	1.466367e+01	5.684677e+01	4.840352e+01
400           	pipe	1.466367e+01	5.684677e+01	4.840415e+01
401           	pipe	1.466367e+01	5.684677e+01	4.840479e+01
402           	pipe	1.466367e+01	5.684677e+01	4.840543e+01
403           	pipe	1.466367e+01	5.684677e+01	4.840608e+01
404           	pipe	1.466367e+01	5.684677e+01	4.840673e+01
405           	pipe	1.466367e+01	5.684677e+01	4.840739e+01
406           	pipe	1.466367e+01	5.684677e+01	4.840804e+01
407           	pipe	1.466367e+01	5.684677e+01	4.840870e+01
408           	pipe	1.466367e+01	5.684677e+01	4.840936e+01
409           	pipe	1.466367e+01	5.684677e+01	4.841002e+01
410           	pipe	1.466367e+01	5.684677e+01	4.841069e+01
411           	pipe	1.466367e+01	5.684677e+01	4.841135e+01
412           	pipe	1.466367e+01	5.684677e+01	4.841201e+01
413           	pipe	1.466367e+01	5.684677e+01	4.841267e+01
414           	pipe	1.466367e+01	5.684677e+01	4.841333e+01
415           	pipe	1.466367e+01	5.684677e+01	4.841400e+01
416           	pipe	1.466367e+01	5.684677e+01	4.841466e+01
417           	pipe	1.466367e+01	5.684677e+01	4.841531e+01
418           	pipe	1.466367e+01	5.684677e+01	4.841597e+01
419           	pipe	1.466367e+01	5.684677e+01	4.841663e+01
420           	pipe	1.466367e+01	5.684677e+01	4.841728e+01
421           	pipe	1.466367e+01	5.684677e+01	4.841794e+01
422           	pipe	1.466367e+01	5.684677e+01	4.841859e+01
423           	pipe	1.466367e+01	5.684677e+01	4.841924e+01
424           	pipe	1.466367e+01	5.684677e+01	4.841989e+01
425           	pipe	1.466367e+01	5.684677e+01	4.842054e+01
426           	pipe	1.466367e+01	5.684677e+01	4.842119e+01
427           	pipe	1.466367e+01	5.684677e+01	4.842183e+01
428           	pipe	1.466367e+01	5.684677e+01	4.842248e+01
429           	pipe	1.466367e+01	5.684677e+01	4.842312e+01
430           	pipe	1.466367e+01	5.684677e+01	4.842376e+01
431           	pipe	1.466367e+01	5.684677e+01	4.842440e+01
432           	pipe	1.466367e+01	5.684677e+01	4.842504e+01
433           	pipe	1.466367e+01	5.684677e+01	4.842568e+01
434           	pipe	1.466367e+01	5.684677e+01	4.842631e+01
435           	pipe	1.466367e+01	5.684677e+01	4.842695e+01
436           	pipe	1.466367e+01	5.684677e+01	4.842758e+01
437           	pipe	1.466367e+01	5.684677e+01	4.842821e+01
438           	pipe	1.466367e+01	5.684677e+01	4.842885e+01
439           	pipe	1.466367e+01	5.684677e+01	4.842948e+01
440           	pipe	1.466367e+01	5.684677e+01	4.843010e+01
441           	pipe	1.466367e+01	5.684677e+01	4.843073e+01
442           	pipe	1.466367e+01	5.684677e+01	4.843136e+01
443           	pipe	1.466367e+01	5.684677e+01	4.843199e+01
444           	pipe	1.466367e+01	5.684677e+01	4.843261e+01
445           	pipe	1.466367e+01	5.684677e+01	4.843323e+01
446           	pipe	1.466367e+01	5.684677e+01	4.843386e+01
447           	pipe	1.466367e+01	5.684677e+01	4.843448e+01
448           	pipe	1.466367e+01	5.684677e+01	4.843510e+01
449           	pipe	1.466367e+01	5.684677e+01	4.843572e+01
450           	pipe	1.466367e+01	5.684677e+01	4.843634e+01
451           	pipe	1.466367e+01	5.684677e+01	4.843696e+01
452           	pipe	1.466367e+01	5.684677e+01	4.843758e+01
453           	pipe	1.466367e+01	5.684677e+01	4.843819e+01
454           	pipe	1.466367e+01	5.684677e+01	4.843881e+01
455           	pipe	1.466367e+01	5.684677e+01	4.843943e+01
456           	pipe	1.466367e+01	5.684677e+01	4.844004e+01
457           	pipe	1.466367e+01	5.684677e+01	4.844065e+01
458           	pipe	1.466367e+01	5.684677e+01	4.844127e+01
459           	pipe	1.466367e+01	5.684677e+01	4.844188e+01
460           	pipe	1.466367e+01	5.684677e+01	4.844249e+01
461           	pipe	1.466367e+01	5.684677e+01	4.844310e+01
462           	pipe	1.466367e+01	5.684677e+01	4.844371e+01
463           	pipe	1.466367e+01	5.684677e+01	4.844432e+01
464           	pipe	1.466367e+01	5.684677e+01	4.844493e+01
465           	pipe	1.466367e+01	5.684677e+01	4.844554e+01
466           	pipe	1.466367e+01	5.684677e+01	4.844615e+01
467           	pipe	1.466367e+01	5.684677e+01	4.844675e+01
468           	pipe	1.466367e+01	5.684677e+01	4.844736e+01
469           	pipe	1.466367e+01	5.684677e+01	4.844797e+01
470           	pipe	1.466367e+01	5.684677e+01	4.844857e+01
471           	pipe	1.466367e+01	5.684677e+01	4.844917e+01
472           	pipe	1.466367e+01	5.684677e+01	4.844978e+01
473           	pipe	1.466367e+01	5.684677e+01	4.845038e+01
474           	pipe	1.466367e+01	5.684677e+01	4.845098e+01
475           	pipe	1.466367e+01	5.684677e+01	4.845158e+01
476           	pipe	1.466367e+01	5.684677e+01	4.845218e+01
477           	pipe	1.466367e+01	5.684677e+01	4.845278e+01
478           	pipe	1.466367e+01	5.684677e+01	4.845338e+01
479           	pipe	1.466367e+01	5.684677e+01	4.845398e+01
480           	pipe	1.466367e+01	5.684677e+01	4.845458e+01
481           	pipe	1.466367e+01	5.684677e+01	4.845517e+01
482           	pipe	1.466367e+01	5.684677e+01	4.845577e+01
483           	pipe	1.466367e+01	5.684677e+01	4.845636e+01
484           	pipe	1.466367e+01	5.684677e+01	4.845696e+01
485           	pipe	1.466367e+01	5.684677e+01	4.845755e+01
486           	pipe	1.466367e+01	5.684677e+01	4.845814e+01
487           	pipe	1.466367e+01	5.684677e+01	4.845874e+01
488           	pipe	1.466367e+01	5.684677e+01	4.845933e+01
489           	pipe	1.466367e+01	5.684677e+01	4.845992e+01
490           	pipe	1.466367e+01	5.684677e+01	4.846051e+01
491           	pipe	1.466367e+01	5.684677e+01	4.846109e+01
492           	pipe	1.466367e+01	5.684677e+01	4.846168e+01
493           	pipe	1.466367e+01	5.684677e+01	4.846227e+01
494           	pipe	1.466367e+01	5.684677e+01	4.846285e+01
495           	pipe	1.466367e+01	5.684677e+01	4.846344e+01
496           	pipe	1.466367e+01	5.684677e+01	4.846402e+01
497           	pipe	1.466367e+01	5.684677e+01	4.846460e+01
498           	pipe	1.466367e+01	5.684677e+01	4.846519e+01
499           	pipe	1.466367e+01	5.684677e+01	4.846577e+01
500           	pipe	1.466367e+01	5.684677e+01	4.846635e+01
501           	pipe	1.466367e+01	5.684677e+01	4.846693e+01
502           	pipe	1.466367e+01	5.684677e+01	4.846750e+01
503           	pipe	1.466367e+01	5.684677e+01	4.846808e+01
504           	pipe	1.466367e+01	5.684677e+01	4.846866e+01
505           	pipe	1.466367e+01	5.684677e+01	4.846923e+01
506           	pipe	1.466367e+01	5.684677e+01	4.846981e+01
507           	pipe	1.466367e+01	5.684677e+01	4.847038e+01
508           	pipe	1.466367e+01	5.684677e+01	4.847095e+01
509           	pipe	1.466367e+01	5.684677e+01	4.847152e+01
510           	pipe	1.466367e+01	5.684677e+01	4.847209e+01
511           	pipe	1.466367e+01	5.684677e+01	4.847266e+01
512           	pipe	1.466367e+01	5.684677e+01	4.847323e+01
513           	pipe	1.466367e+01	5.684677e+01	4.847379e+01
514           	pipe	1.466367e+01	5.684677e+01	4.847436e+01
515           	pipe	1.466367e+01	5.684677e+01	4.847492e+01
516           	pipe	1.466367e+01	5.684677e+01	4.847548e+01
517           	pipe	1.466367e+01	5.684677e+01	4.847605e+01
518           	pipe	1.466367e+01	5.684677e+01	4.847661e+01
519           	pipe	1.466367e+01	5.684677e+01	4.847717e+01
520           	pipe	1.466367e+01	5.684677e+01	4.847772e+01
521           	pipe	1.466367e+01	5.684677e+01	4.847828e+01
522           	pipe	1.466367e+01	5.684677e+01	4.847883e+01
523           	pipe	1.466367e+01	5.684677e+01	4.847939e+01
524           	pipe	1.466367e+01	5.684677e+01	4.847994e+01
525           	pipe	1.466367e+01	5.684677e+01	4.848049e+01
526           	pipe	1.466367e+01	5.684677e+01	4.848104e+01
527           	pipe	1.466367e+01	5.684677e+01	4.848159e+01
528           	pipe	1.466367e+01	5.684677e+01	4.848214e+01
529           	pipe	1.466367e+01	5.684677e+01	4.848268e+01
530           	pipe	1.466367e+01	5.684677e+01	4.848323e+01
531           	pipe	1.466367e+01	5.684677e+01	4.848377e+01
532           	pipe	1.466367e+01	5.684677e+01	4.848431e+01
533           	pipe	1.466367e+01	5.684677e+01	4.848485e+01
534           	pipe	1.466367e+01	5.684677e+01	4.848539e+01
535           	pipe	1.466367e+01	5.684677e+01	4.848593e+01
536           	pipe	1.466367e+01	5.684677e+01	4.848646e+01
537           	pipe	1.466367e+01	5.684677e+01	4.848700e+01
538           	pipe	1.466367e+01	5.684677e+01	4.848753e+01
539           	pipe	1.466367e+01	5.684677e+01	4.848806e+01
540           	pipe	1.466367e+01	5.684677e+01	4.848859e+01
541           	pipe	1.466367e+01	5.684677e+01	4.848912e+01
542           	pipe	1.466367e+01	5.684677e+01	4.848965e+01
543           	pipe	1.466367e+01	5.684677e+01	4.849017e+01
544           	pipe	1.466367e+01	5.684677e+01	4.849070e+01
545           	pipe	1.466367e+01	5.684677e+01	4.849122e+01
546           	pipe	1.466367e+01	5.684677e+01	4.849174e+01
