# Probe 0 (0 0 0.05)
# Probe 1 (0 0 0.55)
# Time        0             1            
1             157764        257.721      
2             176867        291.858      
3             106642        177.559      
4             -5261.94      -6.72241     
5             -87960.4      -143.574     
6             -98225.6      -161.043     
7             -55729.7      -91.3645     
8             -5082.11      -8.13111     
9             25567.2       42.2511      
10            30341.9       50.0788      
11            18360.4       30.3378      
