/*--------------------------------*- C++ -*----------------------------------*\
| =========                 |                                                 |
| \\      /  F ield         | OpenFOAM: The Open Source CFD Toolbox           |
|  \\    /   O peration     | Version:  2412                                  |
|   \\  /    A nd           | Website:  www.openfoam.com                      |
|    \\/     M anipulation  |                                                 |
\*---------------------------------------------------------------------------*/
FoamFile
{
    version     2.0;
    format      ascii;
    arch        "LSB;label=32;scalar=64";
    class       volScalarField;
    location    "0.0003";
    object      yPlus;
}
// * * * * * * * * * * * * * * * * * * * * * * * * * * * * * * * * * * * * * //

dimensions      [0 0 0 0 0 0 0];

internalField   uniform 0;

boundaryField
{
    inlet
    {
        type            calculated;
        value           uniform 0;
    }
    outlet
    {
        type            calculated;
        value           uniform 0;
    }
    pipe
    {
        type            calculated;
        value           nonuniform List<scalar> 
12000
(
25.7803
24.652
22.1496
20.676
19.62
18.3454
17.3231
16.4452
15.6637
14.955
14.3139
13.7462
13.2599
12.8579
12.5295
12.2495
12.0108
11.8103
11.6446
8.83532
8.56322
8.33299
8.14068
7.9818
7.85169
7.74596
7.6606
7.59213
7.53755
7.49434
7.46037
7.43388
7.41343
7.39782
7.38607
7.37739
7.37112
7.36677
7.36389
7.36214
7.36125
7.36102
7.36127
7.36188
7.36274
7.36375
7.36485
7.366
7.36716
7.36831
7.36941
7.37047
7.37146
7.37239
7.37325
7.37404
7.37476
7.37542
7.37602
7.37656
7.37705
7.37749
7.37788
7.37824
7.37856
7.37884
7.3791
7.37933
7.37953
7.37971
7.37987
7.38002
7.38015
7.38027
7.38037
7.38046
7.38055
7.38062
7.38068
7.38074
7.3808
7.38084
7.38088
7.38093
7.38096
7.381
7.38103
7.38106
7.38108
7.38111
7.38114
7.38117
7.38119
7.38121
7.38124
7.38126
7.38128
7.3813
7.38131
7.38133
7.38135
7.38136
7.38137
7.38138
7.38139
7.3814
7.38141
7.38142
7.38142
7.38144
7.38144
7.38146
7.38147
7.38148
7.38149
7.3815
7.38151
7.38152
7.38153
7.38154
7.38155
7.38156
7.38157
7.38159
7.3816
7.38161
7.38162
7.38163
7.38164
7.38165
7.38165
7.38166
7.38167
7.38167
7.38168
7.38169
7.3817
7.38171
7.38172
7.38173
7.38174
7.38176
7.38177
7.38178
7.38179
7.38181
7.38182
7.38184
7.38185
7.38186
7.38187
7.38187
7.38187
7.38188
7.38188
7.38188
7.38187
7.38188
7.38187
7.38187
7.38187
7.38187
7.38187
7.38187
7.38187
7.38186
7.38186
7.38186
7.38187
7.38187
7.38187
7.38188
7.38188
7.38189
7.3819
7.38191
7.38191
7.38192
7.38193
7.38193
7.38194
7.38194
7.38193
7.38193
7.38193
7.38192
7.38192
7.38192
7.38192
7.38192
7.38192
7.38192
7.38193
7.38194
7.38195
7.38196
7.38197
7.38198
7.38199
7.38201
7.38201
7.38203
7.38203
7.38204
7.38205
7.38205
7.38205
7.38205
7.38205
7.38204
7.38204
7.38203
7.38203
7.38202
7.38202
7.38202
7.38202
7.38202
7.38202
7.38203
7.38203
7.38204
7.38205
7.38206
7.38207
7.38208
7.38209
7.3821
7.38211
7.38212
7.38212
7.38213
7.38214
7.38215
7.38215
7.38216
7.38216
7.38217
7.38218
7.38219
7.38219
7.3822
7.38221
7.38222
7.38222
7.38223
7.38223
7.38223
7.38222
7.38222
7.38221
7.3822
7.38219
7.38218
7.38216
7.38215
7.38214
7.38213
7.38212
7.38211
7.3821
7.3821
7.3821
7.3821
7.3821
7.38211
7.38211
7.38212
7.38212
7.38212
7.38212
7.38212
7.38212
7.38212
7.38213
7.38213
7.38213
7.38214
7.38214
7.38215
7.38216
7.38217
7.38217
7.38218
7.38219
7.3822
7.38221
7.38222
7.38223
7.38224
7.38225
7.38226
7.38226
7.38227
7.38227
7.38228
7.38227
7.38228
7.38227
7.38228
7.38227
7.38227
7.38226
7.38226
7.38225
7.38225
7.38224
7.38224
7.38223
7.38223
7.38222
7.38222
7.38221
7.38221
7.3822
7.38219
7.38218
7.38217
7.38216
7.38215
7.38214
7.38213
7.38213
7.38213
7.38213
7.38213
7.38214
7.38214
7.38215
7.38216
7.38217
7.38218
7.38219
7.3822
7.38221
7.38221
7.38221
7.38221
7.3822
7.38218
7.38217
7.38215
7.38214
7.38212
7.38211
7.38209
7.38208
7.38207
7.38206
7.38205
7.38204
7.38204
7.38203
7.38203
7.38203
7.38203
7.38203
7.38202
7.38202
7.38203
7.38203
7.38203
7.38203
7.38204
7.38204
7.38205
7.38206
7.38206
7.38207
7.38208
7.38209
7.3821
7.38211
7.38212
7.38212
7.38213
7.38214
7.38215
7.38216
7.38217
7.38217
7.38218
7.38219
7.38219
7.3822
7.38221
7.38221
7.38222
7.38222
7.38223
7.38223
7.38223
7.38223
7.38224
7.38223
7.38223
7.38222
7.38221
7.3822
7.38219
7.38218
7.38217
7.38216
7.38215
7.38215
7.38215
7.38214
7.38214
7.38214
7.38215
7.38215
7.38215
7.38215
7.38214
7.38214
7.38213
7.38213
7.38212
7.38211
7.3821
7.38209
7.38208
7.38206
7.38204
7.38203
7.38201
7.38199
7.38198
7.38197
7.38196
7.38195
7.38195
7.38195
7.38196
7.38196
7.38197
7.38197
7.38199
7.38199
7.382
7.38201
7.38202
7.38202
7.38202
7.38203
7.38203
7.38204
7.38205
7.38207
7.38209
7.38211
7.38214
7.38216
7.38219
7.38221
7.38223
7.38225
7.38227
7.38229
7.38231
7.38233
7.38235
7.38238
7.3824
7.38242
7.38244
7.38247
7.38249
7.38251
7.38253
7.38254
7.38256
7.38257
7.38258
7.38258
7.38257
7.38255
7.38253
7.38251
7.38248
7.38245
7.38242
7.38239
7.38235
7.38229
7.3822
7.38207
7.38187
7.38157
7.38108
7.38019
7.37842
7.37471
7.36664
7.34911
7.31162
7.2179
7.07045
6.89759
6.19839
27.6909
26.8872
24.308
22.6074
21.3634
19.8952
18.7228
17.7377
16.8842
16.1312
15.4681
14.8976
14.4259
14.0543
13.7759
13.5765
13.4389
13.3413
13.2632
13.2006
13.1518
13.1147
13.087
13.0666
13.0519
13.0414
13.0342
13.0293
13.0263
13.0246
13.0239
13.024
13.0246
13.0257
13.0269
13.0284
13.0299
13.0315
13.0331
13.035
13.0369
13.0385
13.04
13.0414
13.0426
13.0437
13.0446
13.0455
13.0462
13.0469
13.0474
13.0479
13.0483
13.0487
13.049
13.0493
13.0495
13.0498
13.0499
13.0501
13.0502
13.0504
13.0505
13.0506
13.0507
13.0507
13.0508
13.0509
13.0509
13.051
13.051
13.051
13.0511
13.0511
13.0511
13.0511
13.0512
13.0512
13.0512
13.0512
13.0512
13.0512
13.0513
13.0513
13.0513
13.0513
13.0513
13.0513
13.0513
13.0513
13.0513
13.0513
13.0513
13.0513
13.0513
13.0514
13.0514
13.0514
13.0514
13.0514
13.0514
13.0514
13.0514
13.0514
13.0514
13.0514
13.0514
13.0514
13.0514
13.0515
13.0515
13.0515
13.0515
13.0515
13.0515
13.0515
13.0515
13.0515
13.0515
13.0515
13.0515
13.0515
13.0515
13.0515
13.0515
13.0515
13.0515
13.0515
13.0515
13.0515
13.0515
13.0515
13.0515
13.0515
13.0516
13.0516
13.0516
13.0516
13.0516
13.0516
13.0516
13.0515
13.0515
13.0515
13.0515
13.0515
13.0515
13.0516
13.0516
13.0516
13.0516
13.0516
13.0516
13.0516
13.0516
13.0516
13.0516
13.0516
13.0516
13.0516
13.0516
13.0516
13.0516
13.0516
13.0516
13.0516
13.0516
13.0516
13.0516
13.0516
13.0516
13.0516
13.0516
13.0516
13.0516
13.0516
13.0516
13.0516
13.0516
13.0516
13.0516
13.0516
13.0516
13.0516
13.0516
13.0516
13.0516
13.0516
13.0516
13.0516
13.0516
13.0516
13.0516
13.0516
13.0516
13.0516
13.0516
13.0516
13.0516
13.0516
13.0516
13.0517
13.0517
13.0517
13.0517
13.0517
13.0517
13.0517
13.0517
13.0517
13.0517
13.0517
13.0517
13.0517
13.0517
13.0517
13.0517
13.0517
13.0517
13.0517
13.0517
13.0516
13.0516
13.0516
13.0517
13.0517
13.0517
13.0517
13.0517
13.0517
13.0517
13.0517
13.0517
13.0517
13.0517
13.0517
13.0517
13.0517
13.0517
13.0517
13.0517
13.0517
13.0517
13.0517
13.0517
13.0517
13.0517
13.0517
13.0517
13.0517
13.0518
13.0518
13.0517
13.0517
13.0517
13.0517
13.0517
13.0517
13.0517
13.0517
13.0517
13.0518
13.0518
13.0517
13.0517
13.0517
13.0517
13.0517
13.0517
13.0517
13.0517
13.0517
13.0517
13.0517
13.0517
13.0518
13.0518
13.0518
13.0518
13.0518
13.0518
13.0517
13.0517
13.0517
13.0517
13.0517
13.0517
13.0517
13.0517
13.0517
13.0517
13.0517
13.0517
13.0517
13.0517
13.0517
13.0517
13.0517
13.0517
13.0517
13.0517
13.0517
13.0518
13.0518
13.0518
13.0518
13.0518
13.0518
13.0518
13.0518
13.0518
13.0517
13.0517
13.0517
13.0518
13.0518
13.0518
13.0518
13.0518
13.0518
13.0518
13.0518
13.0518
13.0518
13.0518
13.0518
13.0518
13.0518
13.0518
13.0518
13.0518
13.0518
13.0517
13.0517
13.0517
13.0517
13.0518
13.0518
13.0518
13.0518
13.0518
13.0518
13.0517
13.0517
13.0517
13.0517
13.0517
13.0517
13.0517
13.0517
13.0517
13.0517
13.0517
13.0517
13.0517
13.0517
13.0517
13.0517
13.0517
13.0517
13.0517
13.0517
13.0517
13.0517
13.0517
13.0517
13.0517
13.0517
13.0517
13.0517
13.0517
13.0517
13.0516
13.0516
13.0517
13.0517
13.0517
13.0517
13.0517
13.0517
13.0517
13.0517
13.0517
13.0517
13.0517
13.0517
13.0517
13.0517
13.0517
13.0517
13.0517
13.0517
13.0517
13.0517
13.0517
13.0517
13.0517
13.0517
13.0517
13.0517
13.0517
13.0517
13.0517
13.0517
13.0517
13.0517
13.0517
13.0517
13.0517
13.0517
13.0517
13.0517
13.0517
13.0517
13.0517
13.0517
13.0517
13.0517
13.0517
13.0517
13.0517
13.0517
13.0517
13.0517
13.0517
13.0517
13.0517
13.0517
13.0516
13.0516
13.0516
13.0516
13.0516
13.0516
13.0516
13.0516
13.0516
13.0516
13.0516
13.0516
13.0516
13.0516
13.0516
13.0517
13.0517
13.0517
13.0517
13.0517
13.0517
13.0517
13.0517
13.0517
13.0517
13.0517
13.0517
13.0517
13.0517
13.0517
13.0517
13.0517
13.0518
13.0518
13.0518
13.0518
13.0518
13.0518
13.0518
13.0518
13.0519
13.0519
13.0519
13.0519
13.0519
13.0519
13.0518
13.0518
13.0518
13.0518
13.0518
13.0518
13.0518
13.0518
13.0518
13.0518
13.0517
13.0517
13.0517
13.0516
13.0515
13.0514
13.0512
13.0508
13.05
13.0484
13.0453
13.0403
13.0268
13.0465
12.9913
12.4102
28.7295
28.1192
25.5126
23.7023
22.3705
20.8016
19.5483
18.5045
17.6121
16.8364
16.164
15.5958
15.1366
14.7863
14.5362
14.3699
14.2678
14.2111
14.1846
14.1771
14.1807
14.1867
14.1898
14.1926
14.1961
14.2003
14.2052
14.2103
14.2156
14.2209
14.226
14.231
14.2356
14.24
14.2441
14.2479
14.2514
14.2547
14.2578
14.2609
14.2637
14.2662
14.2684
14.2702
14.2719
14.2733
14.2745
14.2755
14.2764
14.2772
14.2779
14.2785
14.279
14.2795
14.2799
14.2802
14.2805
14.2808
14.281
14.2811
14.2813
14.2814
14.2815
14.2817
14.2817
14.2818
14.2819
14.2819
14.282
14.282
14.2821
14.2821
14.2821
14.2822
14.2822
14.2822
14.2822
14.2822
14.2823
14.2823
14.2823
14.2823
14.2823
14.2823
14.2823
14.2823
14.2823
14.2823
14.2823
14.2824
14.2824
14.2824
14.2824
14.2824
14.2824
14.2824
14.2824
14.2824
14.2824
14.2824
14.2824
14.2825
14.2825
14.2825
14.2825
14.2825
14.2825
14.2825
14.2825
14.2825
14.2825
14.2825
14.2825
14.2825
14.2825
14.2825
14.2825
14.2825
14.2825
14.2825
14.2825
14.2825
14.2825
14.2825
14.2825
14.2825
14.2825
14.2825
14.2825
14.2825
14.2826
14.2826
14.2826
14.2826
14.2826
14.2826
14.2826
14.2826
14.2826
14.2826
14.2826
14.2826
14.2825
14.2825
14.2825
14.2825
14.2825
14.2826
14.2826
14.2826
14.2826
14.2826
14.2826
14.2826
14.2826
14.2826
14.2826
14.2826
14.2826
14.2826
14.2826
14.2826
14.2826
14.2826
14.2826
14.2826
14.2826
14.2827
14.2827
14.2827
14.2827
14.2827
14.2826
14.2826
14.2826
14.2826
14.2826
14.2826
14.2826
14.2826
14.2826
14.2826
14.2826
14.2827
14.2827
14.2827
14.2826
14.2826
14.2826
14.2826
14.2826
14.2826
14.2826
14.2826
14.2826
14.2826
14.2826
14.2826
14.2826
14.2826
14.2826
14.2826
14.2826
14.2827
14.2827
14.2827
14.2827
14.2827
14.2827
14.2827
14.2827
14.2827
14.2827
14.2827
14.2827
14.2827
14.2827
14.2827
14.2827
14.2827
14.2826
14.2826
14.2826
14.2826
14.2826
14.2826
14.2826
14.2826
14.2826
14.2826
14.2826
14.2827
14.2827
14.2827
14.2827
14.2827
14.2827
14.2827
14.2827
14.2827
14.2827
14.2827
14.2827
14.2827
14.2827
14.2827
14.2827
14.2827
14.2827
14.2827
14.2827
14.2827
14.2827
14.2827
14.2827
14.2827
14.2827
14.2828
14.2827
14.2828
14.2828
14.2828
14.2828
14.2828
14.2827
14.2827
14.2827
14.2827
14.2827
14.2827
14.2827
14.2827
14.2827
14.2827
14.2827
14.2828
14.2828
14.2828
14.2828
14.2828
14.2828
14.2827
14.2827
14.2827
14.2827
14.2827
14.2827
14.2827
14.2827
14.2827
14.2827
14.2827
14.2827
14.2827
14.2827
14.2827
14.2827
14.2827
14.2827
14.2827
14.2827
14.2827
14.2827
14.2828
14.2827
14.2828
14.2827
14.2828
14.2827
14.2827
14.2827
14.2827
14.2827
14.2827
14.2827
14.2827
14.2827
14.2828
14.2828
14.2828
14.2828
14.2828
14.2828
14.2828
14.2828
14.2828
14.2828
14.2828
14.2828
14.2828
14.2827
14.2827
14.2827
14.2827
14.2827
14.2827
14.2827
14.2827
14.2827
14.2828
14.2828
14.2828
14.2827
14.2827
14.2827
14.2827
14.2827
14.2827
14.2827
14.2827
14.2827
14.2827
14.2827
14.2827
14.2827
14.2827
14.2827
14.2827
14.2827
14.2827
14.2827
14.2827
14.2827
14.2827
14.2827
14.2827
14.2827
14.2827
14.2827
14.2827
14.2826
14.2826
14.2826
14.2826
14.2826
14.2826
14.2826
14.2827
14.2827
14.2827
14.2827
14.2827
14.2827
14.2827
14.2827
14.2827
14.2827
14.2827
14.2827
14.2827
14.2827
14.2827
14.2827
14.2827
14.2827
14.2827
14.2827
14.2827
14.2827
14.2827
14.2827
14.2827
14.2827
14.2827
14.2827
14.2827
14.2827
14.2827
14.2827
14.2827
14.2827
14.2827
14.2827
14.2827
14.2827
14.2827
14.2827
14.2827
14.2827
14.2827
14.2827
14.2827
14.2827
14.2827
14.2827
14.2827
14.2827
14.2827
14.2827
14.2826
14.2826
14.2826
14.2826
14.2826
14.2826
14.2826
14.2826
14.2826
14.2826
14.2826
14.2826
14.2826
14.2826
14.2827
14.2827
14.2827
14.2827
14.2827
14.2827
14.2827
14.2827
14.2827
14.2827
14.2827
14.2827
14.2827
14.2827
14.2827
14.2827
14.2827
14.2827
14.2828
14.2828
14.2828
14.2828
14.2828
14.2828
14.2828
14.2828
14.2828
14.2829
14.2829
14.2829
14.2828
14.2828
14.2828
14.2828
14.2828
14.2828
14.2828
14.2828
14.2828
14.2827
14.2827
14.2827
14.2827
14.2827
14.2827
14.2826
14.2825
14.2824
14.2822
14.2819
14.2814
14.2804
14.2796
14.2734
14.3246
14.3126
13.9745
28.7295
28.1192
25.5126
23.7023
22.3705
20.8016
19.5483
18.5045
17.6121
16.8364
16.164
15.5958
15.1366
14.7863
14.5362
14.3699
14.2678
14.2111
14.1846
14.1771
14.1807
14.1867
14.1898
14.1926
14.1961
14.2003
14.2052
14.2103
14.2156
14.2209
14.226
14.231
14.2356
14.24
14.2441
14.2479
14.2514
14.2547
14.2578
14.2609
14.2637
14.2662
14.2684
14.2702
14.2719
14.2733
14.2745
14.2755
14.2764
14.2772
14.2779
14.2785
14.279
14.2795
14.2799
14.2802
14.2805
14.2808
14.281
14.2811
14.2813
14.2814
14.2815
14.2817
14.2817
14.2818
14.2819
14.2819
14.282
14.282
14.2821
14.2821
14.2821
14.2822
14.2822
14.2822
14.2822
14.2822
14.2823
14.2823
14.2823
14.2823
14.2823
14.2823
14.2823
14.2823
14.2823
14.2823
14.2823
14.2824
14.2824
14.2824
14.2824
14.2824
14.2824
14.2824
14.2824
14.2824
14.2824
14.2824
14.2824
14.2824
14.2825
14.2825
14.2825
14.2825
14.2825
14.2825
14.2825
14.2825
14.2825
14.2825
14.2825
14.2825
14.2825
14.2825
14.2825
14.2825
14.2825
14.2825
14.2825
14.2825
14.2825
14.2825
14.2825
14.2825
14.2825
14.2825
14.2825
14.2825
14.2826
14.2826
14.2826
14.2826
14.2826
14.2826
14.2826
14.2826
14.2826
14.2826
14.2826
14.2826
14.2825
14.2825
14.2825
14.2825
14.2825
14.2826
14.2826
14.2826
14.2826
14.2826
14.2826
14.2826
14.2826
14.2826
14.2826
14.2826
14.2826
14.2826
14.2826
14.2826
14.2826
14.2826
14.2826
14.2826
14.2826
14.2827
14.2827
14.2827
14.2827
14.2827
14.2826
14.2826
14.2826
14.2826
14.2826
14.2826
14.2826
14.2826
14.2826
14.2826
14.2826
14.2827
14.2826
14.2826
14.2826
14.2826
14.2826
14.2826
14.2826
14.2826
14.2826
14.2826
14.2826
14.2826
14.2826
14.2826
14.2826
14.2826
14.2826
14.2826
14.2826
14.2827
14.2827
14.2827
14.2827
14.2827
14.2827
14.2827
14.2827
14.2827
14.2827
14.2827
14.2827
14.2827
14.2827
14.2827
14.2827
14.2827
14.2826
14.2826
14.2826
14.2826
14.2826
14.2826
14.2826
14.2826
14.2826
14.2826
14.2826
14.2827
14.2827
14.2827
14.2827
14.2827
14.2827
14.2827
14.2827
14.2827
14.2827
14.2827
14.2827
14.2827
14.2827
14.2827
14.2827
14.2827
14.2827
14.2827
14.2827
14.2827
14.2827
14.2827
14.2827
14.2827
14.2827
14.2827
14.2827
14.2828
14.2828
14.2828
14.2828
14.2828
14.2827
14.2827
14.2827
14.2827
14.2827
14.2827
14.2827
14.2827
14.2827
14.2827
14.2827
14.2828
14.2828
14.2828
14.2828
14.2828
14.2828
14.2827
14.2827
14.2827
14.2827
14.2827
14.2827
14.2827
14.2827
14.2827
14.2827
14.2827
14.2827
14.2827
14.2827
14.2827
14.2827
14.2827
14.2827
14.2827
14.2827
14.2827
14.2827
14.2827
14.2827
14.2828
14.2827
14.2828
14.2827
14.2827
14.2827
14.2827
14.2827
14.2827
14.2827
14.2827
14.2827
14.2828
14.2828
14.2828
14.2828
14.2828
14.2828
14.2828
14.2828
14.2828
14.2828
14.2828
14.2828
14.2828
14.2827
14.2827
14.2827
14.2827
14.2827
14.2827
14.2827
14.2827
14.2827
14.2828
14.2827
14.2828
14.2827
14.2827
14.2827
14.2827
14.2827
14.2827
14.2827
14.2827
14.2827
14.2827
14.2827
14.2827
14.2827
14.2827
14.2827
14.2827
14.2827
14.2827
14.2827
14.2827
14.2827
14.2827
14.2827
14.2827
14.2827
14.2827
14.2827
14.2827
14.2826
14.2826
14.2826
14.2826
14.2826
14.2826
14.2827
14.2827
14.2827
14.2827
14.2827
14.2827
14.2827
14.2827
14.2827
14.2827
14.2827
14.2827
14.2827
14.2827
14.2827
14.2827
14.2827
14.2827
14.2827
14.2827
14.2827
14.2827
14.2827
14.2827
14.2827
14.2827
14.2827
14.2827
14.2827
14.2827
14.2827
14.2827
14.2827
14.2827
14.2827
14.2827
14.2827
14.2827
14.2827
14.2827
14.2827
14.2827
14.2827
14.2827
14.2827
14.2827
14.2827
14.2827
14.2827
14.2827
14.2827
14.2827
14.2827
14.2826
14.2826
14.2826
14.2826
14.2826
14.2826
14.2826
14.2826
14.2826
14.2826
14.2826
14.2826
14.2826
14.2826
14.2827
14.2826
14.2827
14.2826
14.2827
14.2826
14.2827
14.2826
14.2827
14.2827
14.2827
14.2827
14.2827
14.2827
14.2827
14.2827
14.2827
14.2827
14.2828
14.2828
14.2828
14.2828
14.2828
14.2828
14.2828
14.2828
14.2828
14.2829
14.2829
14.2829
14.2828
14.2828
14.2828
14.2828
14.2828
14.2828
14.2828
14.2828
14.2828
14.2827
14.2827
14.2827
14.2827
14.2827
14.2827
14.2826
14.2825
14.2824
14.2822
14.2819
14.2814
14.2804
14.2795
14.2733
14.3246
14.3126
13.9745
27.6909
26.8872
24.308
22.6074
21.3634
19.8952
18.7228
17.7377
16.8842
16.1312
15.4681
14.8976
14.4259
14.0543
13.7759
13.5765
13.4388
13.3413
13.2632
13.2005
13.1518
13.1147
13.087
13.0666
13.0519
13.0414
13.0342
13.0293
13.0263
13.0246
13.0239
13.024
13.0246
13.0256
13.0269
13.0283
13.0299
13.0315
13.0331
13.035
13.0369
13.0385
13.04
13.0414
13.0426
13.0437
13.0446
13.0455
13.0462
13.0469
13.0474
13.0479
13.0483
13.0487
13.049
13.0493
13.0495
13.0498
13.0499
13.0501
13.0502
13.0504
13.0505
13.0506
13.0507
13.0507
13.0508
13.0509
13.0509
13.051
13.051
13.051
13.0511
13.0511
13.0511
13.0511
13.0512
13.0512
13.0512
13.0512
13.0512
13.0512
13.0513
13.0513
13.0513
13.0513
13.0513
13.0513
13.0513
13.0513
13.0513
13.0513
13.0513
13.0513
13.0513
13.0514
13.0514
13.0514
13.0514
13.0514
13.0514
13.0514
13.0514
13.0514
13.0514
13.0514
13.0514
13.0514
13.0514
13.0514
13.0514
13.0515
13.0515
13.0515
13.0515
13.0515
13.0515
13.0515
13.0515
13.0515
13.0515
13.0515
13.0515
13.0515
13.0515
13.0515
13.0515
13.0515
13.0515
13.0515
13.0515
13.0515
13.0515
13.0515
13.0516
13.0516
13.0516
13.0516
13.0516
13.0515
13.0515
13.0515
13.0515
13.0515
13.0515
13.0515
13.0515
13.0516
13.0516
13.0516
13.0516
13.0516
13.0516
13.0516
13.0516
13.0516
13.0516
13.0516
13.0516
13.0516
13.0516
13.0516
13.0516
13.0516
13.0516
13.0516
13.0516
13.0516
13.0516
13.0516
13.0516
13.0516
13.0516
13.0516
13.0516
13.0516
13.0516
13.0516
13.0516
13.0516
13.0516
13.0516
13.0516
13.0516
13.0516
13.0516
13.0516
13.0516
13.0516
13.0516
13.0516
13.0516
13.0516
13.0516
13.0516
13.0516
13.0516
13.0516
13.0516
13.0516
13.0516
13.0516
13.0516
13.0517
13.0517
13.0517
13.0517
13.0517
13.0517
13.0517
13.0517
13.0517
13.0517
13.0517
13.0517
13.0517
13.0517
13.0517
13.0517
13.0516
13.0516
13.0516
13.0516
13.0516
13.0516
13.0516
13.0516
13.0516
13.0516
13.0516
13.0517
13.0517
13.0517
13.0517
13.0517
13.0517
13.0517
13.0517
13.0517
13.0517
13.0517
13.0517
13.0517
13.0517
13.0517
13.0517
13.0517
13.0517
13.0517
13.0517
13.0517
13.0517
13.0517
13.0517
13.0517
13.0517
13.0517
13.0517
13.0517
13.0517
13.0517
13.0517
13.0517
13.0517
13.0517
13.0517
13.0517
13.0517
13.0517
13.0517
13.0517
13.0517
13.0517
13.0517
13.0517
13.0517
13.0518
13.0518
13.0518
13.0518
13.0517
13.0517
13.0517
13.0517
13.0517
13.0517
13.0517
13.0517
13.0517
13.0517
13.0517
13.0517
13.0517
13.0517
13.0517
13.0517
13.0517
13.0517
13.0517
13.0517
13.0517
13.0517
13.0518
13.0518
13.0518
13.0518
13.0518
13.0518
13.0517
13.0517
13.0517
13.0517
13.0517
13.0517
13.0517
13.0517
13.0517
13.0518
13.0518
13.0518
13.0518
13.0518
13.0518
13.0518
13.0518
13.0518
13.0518
13.0518
13.0518
13.0518
13.0517
13.0517
13.0517
13.0517
13.0517
13.0517
13.0517
13.0517
13.0518
13.0518
13.0517
13.0517
13.0517
13.0517
13.0517
13.0517
13.0517
13.0517
13.0517
13.0517
13.0517
13.0517
13.0517
13.0517
13.0517
13.0517
13.0517
13.0517
13.0517
13.0517
13.0517
13.0517
13.0517
13.0517
13.0517
13.0517
13.0517
13.0517
13.0517
13.0517
13.0517
13.0517
13.0517
13.0517
13.0517
13.0517
13.0517
13.0517
13.0517
13.0517
13.0517
13.0517
13.0517
13.0517
13.0517
13.0517
13.0517
13.0517
13.0517
13.0517
13.0517
13.0517
13.0517
13.0517
13.0517
13.0517
13.0517
13.0517
13.0517
13.0517
13.0517
13.0517
13.0517
13.0517
13.0517
13.0517
13.0517
13.0517
13.0517
13.0517
13.0517
13.0517
13.0517
13.0517
13.0517
13.0517
13.0517
13.0517
13.0517
13.0517
13.0517
13.0517
13.0517
13.0517
13.0517
13.0517
13.0517
13.0517
13.0516
13.0516
13.0516
13.0516
13.0516
13.0516
13.0516
13.0516
13.0516
13.0516
13.0516
13.0516
13.0516
13.0516
13.0516
13.0516
13.0516
13.0516
13.0516
13.0516
13.0516
13.0517
13.0517
13.0517
13.0517
13.0517
13.0517
13.0517
13.0517
13.0517
13.0517
13.0517
13.0518
13.0518
13.0518
13.0518
13.0518
13.0518
13.0518
13.0518
13.0519
13.0519
13.0519
13.0519
13.0519
13.0519
13.0518
13.0518
13.0518
13.0518
13.0518
13.0518
13.0518
13.0518
13.0518
13.0518
13.0517
13.0517
13.0517
13.0516
13.0515
13.0514
13.0512
13.0508
13.05
13.0484
13.0453
13.0402
13.0267
13.0464
12.9912
12.4101
25.7803
24.652
22.1496
20.676
19.62
18.3454
17.3231
16.4452
15.6637
14.955
14.3139
13.7462
13.2599
12.8579
12.5295
12.2495
12.0108
11.8103
11.6446
8.83532
8.56322
8.33299
8.14068
7.9818
7.85169
7.74596
7.6606
7.59213
7.53755
7.49434
7.46037
7.43388
7.41343
7.39782
7.38607
7.37739
7.37112
7.36676
7.36389
7.36214
7.36125
7.36102
7.36127
7.36188
7.36273
7.36375
7.36485
7.366
7.36716
7.36831
7.36941
7.37047
7.37146
7.37239
7.37325
7.37404
7.37476
7.37542
7.37602
7.37656
7.37705
7.37749
7.37789
7.37824
7.37856
7.37885
7.3791
7.37933
7.37953
7.37972
7.37988
7.38002
7.38015
7.38027
7.38037
7.38047
7.38055
7.38062
7.38069
7.38075
7.3808
7.38085
7.38089
7.38093
7.38096
7.381
7.38103
7.38106
7.38109
7.38112
7.38114
7.38117
7.38119
7.38121
7.38123
7.38126
7.38128
7.3813
7.38131
7.38133
7.38134
7.38136
7.38137
7.38138
7.38139
7.38139
7.3814
7.38141
7.38142
7.38143
7.38144
7.38145
7.38146
7.38147
7.38148
7.38149
7.3815
7.38151
7.38152
7.38154
7.38155
7.38156
7.38157
7.38158
7.38159
7.38161
7.38162
7.38163
7.38164
7.38164
7.38165
7.38166
7.38166
7.38167
7.38168
7.38169
7.38169
7.38171
7.38171
7.38173
7.38174
7.38175
7.38176
7.38178
7.38179
7.3818
7.38182
7.38183
7.38184
7.38186
7.38186
7.38187
7.38187
7.38187
7.38187
7.38187
7.38187
7.38187
7.38187
7.38187
7.38187
7.38187
7.38187
7.38187
7.38186
7.38186
7.38186
7.38186
7.38186
7.38187
7.38187
7.38187
7.38188
7.38188
7.38189
7.3819
7.3819
7.38191
7.38192
7.38192
7.38192
7.38192
7.38192
7.38192
7.38192
7.38192
7.38191
7.38191
7.38191
7.38191
7.38191
7.38192
7.38192
7.38193
7.38194
7.38195
7.38196
7.38197
7.38198
7.38199
7.382
7.38201
7.38202
7.38203
7.38203
7.38204
7.38204
7.38204
7.38204
7.38204
7.38203
7.38203
7.38202
7.38202
7.38202
7.38202
7.38201
7.38202
7.38202
7.38202
7.38202
7.38203
7.38204
7.38205
7.38206
7.38207
7.38208
7.38209
7.3821
7.38211
7.38211
7.38213
7.38213
7.38214
7.38215
7.38215
7.38216
7.38217
7.38218
7.38219
7.38219
7.3822
7.3822
7.38221
7.38221
7.38222
7.38222
7.38222
7.38221
7.38221
7.3822
7.38219
7.38218
7.38217
7.38216
7.38215
7.38213
7.38212
7.38211
7.3821
7.3821
7.38209
7.38209
7.38209
7.38209
7.3821
7.3821
7.38211
7.38211
7.38211
7.38211
7.38211
7.38212
7.38212
7.38212
7.38213
7.38213
7.38214
7.38214
7.38215
7.38216
7.38217
7.38217
7.38218
7.38219
7.3822
7.3822
7.38221
7.38222
7.38223
7.38224
7.38225
7.38226
7.38227
7.38227
7.38228
7.38227
7.38228
7.38227
7.38228
7.38227
7.38227
7.38226
7.38225
7.38224
7.38224
7.38223
7.38223
7.38222
7.38222
7.38221
7.38221
7.3822
7.3822
7.38219
7.38218
7.38217
7.38216
7.38215
7.38214
7.38214
7.38213
7.38213
7.38213
7.38213
7.38213
7.38214
7.38214
7.38215
7.38215
7.38216
7.38217
7.38218
7.38219
7.3822
7.3822
7.3822
7.3822
7.38219
7.38218
7.38217
7.38215
7.38214
7.38212
7.38211
7.38209
7.38208
7.38207
7.38206
7.38205
7.38204
7.38204
7.38203
7.38203
7.38203
7.38202
7.38202
7.38202
7.38202
7.38202
7.38203
7.38203
7.38203
7.38204
7.38204
7.38205
7.38206
7.38207
7.38207
7.38208
7.38209
7.3821
7.38211
7.38212
7.38213
7.38214
7.38214
7.38215
7.38216
7.38217
7.38217
7.38218
7.38219
7.38219
7.3822
7.38221
7.38221
7.38221
7.38221
7.38222
7.38222
7.38223
7.38222
7.38223
7.38223
7.38223
7.38222
7.38221
7.3822
7.38219
7.38218
7.38217
7.38216
7.38215
7.38214
7.38214
7.38214
7.38214
7.38214
7.38214
7.38214
7.38214
7.38214
7.38214
7.38214
7.38213
7.38213
7.38212
7.38211
7.3821
7.38209
7.38207
7.38206
7.38204
7.38202
7.38201
7.38199
7.38198
7.38197
7.38196
7.38195
7.38195
7.38195
7.38195
7.38196
7.38197
7.38197
7.38198
7.38199
7.382
7.382
7.38201
7.38201
7.38201
7.38202
7.38202
7.38203
7.38204
7.38206
7.38208
7.3821
7.38213
7.38215
7.38218
7.3822
7.38222
7.38224
7.38226
7.38228
7.3823
7.38232
7.38234
7.38237
7.38239
7.38242
7.38244
7.38246
7.38248
7.3825
7.38252
7.38254
7.38255
7.38256
7.38257
7.38257
7.38256
7.38254
7.38252
7.3825
7.38247
7.38245
7.38242
7.38239
7.38235
7.38229
7.38221
7.38207
7.38187
7.38157
7.38107
7.38018
7.37841
7.3747
7.36662
7.34909
7.3116
7.21788
7.07042
6.89753
6.19831
25.7803
24.652
22.1496
20.676
19.62
18.3454
17.3231
16.4452
15.6637
14.955
14.3139
13.7462
13.2599
12.8579
12.5295
12.2495
12.0108
11.8103
11.6446
8.83532
8.56322
8.33298
8.14068
7.9818
7.85169
7.74595
7.6606
7.59213
7.53755
7.49434
7.46037
7.43388
7.41343
7.39782
7.38607
7.37739
7.37112
7.36676
7.36389
7.36214
7.36125
7.36102
7.36127
7.36188
7.36273
7.36375
7.36485
7.366
7.36716
7.3683
7.36941
7.37047
7.37146
7.37239
7.37325
7.37404
7.37477
7.37543
7.37602
7.37656
7.37705
7.37749
7.37789
7.37824
7.37856
7.37885
7.3791
7.37933
7.37953
7.37971
7.37988
7.38002
7.38015
7.38027
7.38037
7.38047
7.38055
7.38062
7.38069
7.38075
7.3808
7.38085
7.38089
7.38093
7.38096
7.381
7.38103
7.38106
7.38108
7.38111
7.38114
7.38116
7.38119
7.38121
7.38123
7.38126
7.38127
7.3813
7.38131
7.38133
7.38134
7.38136
7.38137
7.38138
7.38139
7.38139
7.3814
7.38141
7.38142
7.38143
7.38144
7.38145
7.38146
7.38147
7.38148
7.38149
7.3815
7.38151
7.38152
7.38154
7.38155
7.38156
7.38157
7.38159
7.38159
7.38161
7.38162
7.38163
7.38164
7.38165
7.38165
7.38166
7.38167
7.38167
7.38168
7.38169
7.3817
7.38171
7.38172
7.38173
7.38174
7.38175
7.38176
7.38178
7.38179
7.38181
7.38182
7.38184
7.38184
7.38186
7.38186
7.38187
7.38187
7.38188
7.38187
7.38188
7.38187
7.38188
7.38187
7.38188
7.38187
7.38188
7.38187
7.38187
7.38187
7.38187
7.38187
7.38187
7.38187
7.38187
7.38188
7.38188
7.38188
7.38189
7.38189
7.3819
7.3819
7.38191
7.38192
7.38192
7.38192
7.38193
7.38193
7.38193
7.38192
7.38192
7.38192
7.38192
7.38192
7.38192
7.38192
7.38192
7.38193
7.38194
7.38194
7.38195
7.38196
7.38197
7.38198
7.38199
7.382
7.38202
7.38202
7.38203
7.38204
7.38205
7.38205
7.38205
7.38205
7.38204
7.38204
7.38204
7.38203
7.38203
7.38202
7.38202
7.38202
7.38202
7.38202
7.38203
7.38203
7.38204
7.38204
7.38206
7.38206
7.38207
7.38208
7.3821
7.3821
7.38211
7.38212
7.38213
7.38214
7.38215
7.38215
7.38216
7.38216
7.38218
7.38218
7.38219
7.38219
7.3822
7.3822
7.38221
7.38221
7.38222
7.38222
7.38222
7.38222
7.38222
7.3822
7.3822
7.38219
7.38218
7.38216
7.38215
7.38214
7.38213
7.38212
7.38211
7.38211
7.3821
7.3821
7.3821
7.3821
7.38211
7.38211
7.38211
7.38212
7.38212
7.38212
7.38212
7.38212
7.38213
7.38213
7.38214
7.38214
7.38215
7.38216
7.38216
7.38217
7.38217
7.38218
7.38219
7.38219
7.3822
7.3822
7.38221
7.38222
7.38223
7.38224
7.38226
7.38226
7.38227
7.38227
7.38228
7.38228
7.38228
7.38228
7.38228
7.38227
7.38227
7.38226
7.38226
7.38225
7.38225
7.38224
7.38224
7.38223
7.38223
7.38222
7.38222
7.38221
7.38221
7.3822
7.38219
7.38218
7.38217
7.38216
7.38215
7.38215
7.38214
7.38214
7.38214
7.38214
7.38214
7.38214
7.38215
7.38215
7.38216
7.38216
7.38217
7.38218
7.38219
7.3822
7.3822
7.38221
7.3822
7.3822
7.38219
7.38218
7.38216
7.38215
7.38213
7.38212
7.3821
7.38209
7.38208
7.38207
7.38206
7.38205
7.38204
7.38204
7.38204
7.38203
7.38203
7.38203
7.38203
7.38203
7.38203
7.38203
7.38203
7.38203
7.38204
7.38205
7.38205
7.38206
7.38207
7.38208
7.38209
7.38209
7.3821
7.38211
7.38212
7.38213
7.38214
7.38214
7.38215
7.38216
7.38217
7.38218
7.38219
7.38219
7.3822
7.3822
7.38221
7.38221
7.38222
7.38222
7.38222
7.38222
7.38223
7.38223
7.38223
7.38223
7.38223
7.38222
7.38221
7.3822
7.38219
7.38218
7.38217
7.38216
7.38215
7.38215
7.38215
7.38214
7.38214
7.38214
7.38214
7.38214
7.38215
7.38214
7.38214
7.38214
7.38213
7.38213
7.38212
7.38211
7.3821
7.38209
7.38208
7.38206
7.38205
7.38203
7.38201
7.382
7.38198
7.38197
7.38196
7.38196
7.38196
7.38195
7.38196
7.38196
7.38197
7.38198
7.38199
7.38199
7.382
7.38201
7.38201
7.38202
7.38202
7.38202
7.38203
7.38204
7.38205
7.38206
7.38209
7.38211
7.38214
7.38216
7.38219
7.38221
7.38223
7.38225
7.38227
7.38228
7.3823
7.38233
7.38235
7.38237
7.38239
7.38242
7.38244
7.38247
7.38249
7.38251
7.38253
7.38254
7.38256
7.38257
7.38257
7.38257
7.38256
7.38255
7.38253
7.38251
7.38248
7.38246
7.38243
7.38241
7.38237
7.38231
7.38222
7.38209
7.38188
7.38158
7.38108
7.38017
7.3784
7.37467
7.36659
7.34905
7.31156
7.21783
7.07037
6.89749
6.19825
27.6909
26.8872
24.308
22.6074
21.3634
19.8952
18.7228
17.7377
16.8842
16.1312
15.4681
14.8976
14.4259
14.0543
13.7759
13.5765
13.4388
13.3413
13.2632
13.2005
13.1518
13.1147
13.087
13.0666
13.0519
13.0414
13.0342
13.0293
13.0263
13.0246
13.0239
13.024
13.0246
13.0256
13.0269
13.0283
13.0299
13.0315
13.0331
13.035
13.0369
13.0385
13.04
13.0413
13.0426
13.0437
13.0446
13.0455
13.0462
13.0469
13.0474
13.0479
13.0483
13.0487
13.049
13.0493
13.0495
13.0498
13.0499
13.0501
13.0502
13.0504
13.0505
13.0506
13.0507
13.0507
13.0508
13.0509
13.0509
13.051
13.051
13.051
13.0511
13.0511
13.0511
13.0511
13.0512
13.0512
13.0512
13.0512
13.0512
13.0512
13.0513
13.0513
13.0513
13.0513
13.0513
13.0513
13.0513
13.0513
13.0513
13.0513
13.0513
13.0513
13.0513
13.0514
13.0514
13.0514
13.0514
13.0514
13.0514
13.0514
13.0514
13.0514
13.0514
13.0514
13.0514
13.0514
13.0514
13.0514
13.0514
13.0514
13.0514
13.0515
13.0515
13.0515
13.0515
13.0515
13.0515
13.0515
13.0515
13.0515
13.0515
13.0515
13.0515
13.0515
13.0515
13.0515
13.0515
13.0515
13.0515
13.0515
13.0515
13.0515
13.0515
13.0515
13.0515
13.0515
13.0515
13.0515
13.0515
13.0515
13.0515
13.0515
13.0515
13.0515
13.0516
13.0516
13.0516
13.0516
13.0516
13.0516
13.0516
13.0516
13.0516
13.0516
13.0516
13.0516
13.0516
13.0516
13.0516
13.0516
13.0516
13.0516
13.0516
13.0516
13.0516
13.0516
13.0516
13.0516
13.0516
13.0516
13.0516
13.0516
13.0516
13.0516
13.0516
13.0516
13.0516
13.0516
13.0516
13.0516
13.0516
13.0516
13.0516
13.0516
13.0516
13.0516
13.0516
13.0516
13.0516
13.0516
13.0516
13.0516
13.0516
13.0516
13.0516
13.0516
13.0516
13.0516
13.0516
13.0516
13.0517
13.0517
13.0517
13.0517
13.0517
13.0517
13.0517
13.0517
13.0517
13.0517
13.0517
13.0517
13.0517
13.0517
13.0517
13.0517
13.0516
13.0516
13.0516
13.0516
13.0516
13.0516
13.0516
13.0516
13.0516
13.0516
13.0517
13.0517
13.0517
13.0517
13.0517
13.0517
13.0517
13.0517
13.0517
13.0517
13.0517
13.0517
13.0517
13.0517
13.0517
13.0517
13.0517
13.0517
13.0517
13.0517
13.0517
13.0517
13.0517
13.0517
13.0517
13.0517
13.0517
13.0517
13.0517
13.0517
13.0517
13.0517
13.0517
13.0517
13.0517
13.0517
13.0517
13.0517
13.0517
13.0517
13.0517
13.0517
13.0517
13.0517
13.0517
13.0517
13.0517
13.0517
13.0518
13.0518
13.0518
13.0517
13.0517
13.0517
13.0517
13.0517
13.0517
13.0517
13.0517
13.0517
13.0517
13.0517
13.0517
13.0517
13.0517
13.0517
13.0517
13.0517
13.0517
13.0517
13.0517
13.0517
13.0517
13.0517
13.0517
13.0517
13.0517
13.0517
13.0517
13.0517
13.0517
13.0517
13.0517
13.0517
13.0517
13.0517
13.0517
13.0517
13.0517
13.0517
13.0518
13.0518
13.0518
13.0518
13.0518
13.0518
13.0518
13.0518
13.0518
13.0517
13.0517
13.0517
13.0517
13.0517
13.0517
13.0517
13.0517
13.0517
13.0517
13.0517
13.0517
13.0517
13.0517
13.0517
13.0517
13.0517
13.0517
13.0517
13.0517
13.0517
13.0517
13.0517
13.0517
13.0517
13.0517
13.0517
13.0517
13.0517
13.0517
13.0517
13.0517
13.0517
13.0517
13.0517
13.0517
13.0517
13.0517
13.0517
13.0517
13.0517
13.0517
13.0517
13.0517
13.0517
13.0517
13.0517
13.0517
13.0517
13.0517
13.0517
13.0517
13.0517
13.0517
13.0517
13.0517
13.0517
13.0517
13.0517
13.0517
13.0517
13.0517
13.0517
13.0517
13.0517
13.0517
13.0517
13.0517
13.0517
13.0517
13.0517
13.0517
13.0517
13.0517
13.0517
13.0517
13.0517
13.0517
13.0517
13.0517
13.0517
13.0517
13.0517
13.0517
13.0517
13.0517
13.0517
13.0517
13.0517
13.0517
13.0517
13.0517
13.0517
13.0517
13.0517
13.0517
13.0517
13.0517
13.0517
13.0517
13.0517
13.0516
13.0516
13.0516
13.0516
13.0516
13.0516
13.0516
13.0516
13.0516
13.0516
13.0516
13.0516
13.0516
13.0516
13.0516
13.0516
13.0516
13.0516
13.0516
13.0516
13.0517
13.0517
13.0517
13.0517
13.0517
13.0517
13.0517
13.0517
13.0517
13.0517
13.0517
13.0517
13.0518
13.0518
13.0518
13.0518
13.0518
13.0518
13.0518
13.0519
13.0519
13.0519
13.0519
13.0519
13.0519
13.0519
13.0519
13.0519
13.0518
13.0518
13.0518
13.0518
13.0518
13.0518
13.0518
13.0518
13.0518
13.0517
13.0517
13.0516
13.0515
13.0514
13.0512
13.0508
13.0499
13.0483
13.0452
13.0401
13.0266
13.0462
12.991
12.4099
28.7295
28.1192
25.5126
23.7023
22.3705
20.8016
19.5483
18.5045
17.6121
16.8364
16.164
15.5958
15.1366
14.7863
14.5362
14.3699
14.2678
14.2111
14.1846
14.1771
14.1807
14.1867
14.1898
14.1926
14.1961
14.2003
14.2052
14.2103
14.2156
14.2209
14.226
14.231
14.2356
14.24
14.2441
14.2479
14.2514
14.2547
14.2578
14.2609
14.2637
14.2662
14.2684
14.2702
14.2719
14.2733
14.2745
14.2755
14.2764
14.2772
14.2779
14.2785
14.2791
14.2795
14.2799
14.2802
14.2805
14.2808
14.281
14.2812
14.2813
14.2814
14.2816
14.2817
14.2817
14.2818
14.2819
14.2819
14.282
14.282
14.2821
14.2821
14.2821
14.2822
14.2822
14.2822
14.2822
14.2822
14.2822
14.2823
14.2823
14.2823
14.2823
14.2823
14.2823
14.2823
14.2823
14.2824
14.2824
14.2824
14.2824
14.2824
14.2824
14.2824
14.2824
14.2824
14.2824
14.2824
14.2824
14.2824
14.2824
14.2824
14.2824
14.2825
14.2825
14.2825
14.2825
14.2825
14.2825
14.2825
14.2825
14.2825
14.2825
14.2825
14.2825
14.2825
14.2825
14.2825
14.2825
14.2825
14.2825
14.2825
14.2825
14.2825
14.2825
14.2825
14.2825
14.2825
14.2825
14.2825
14.2825
14.2825
14.2825
14.2825
14.2825
14.2826
14.2825
14.2826
14.2825
14.2826
14.2825
14.2826
14.2825
14.2826
14.2825
14.2826
14.2825
14.2826
14.2826
14.2826
14.2826
14.2826
14.2826
14.2826
14.2826
14.2826
14.2826
14.2826
14.2826
14.2826
14.2826
14.2826
14.2826
14.2826
14.2826
14.2826
14.2826
14.2826
14.2826
14.2826
14.2826
14.2826
14.2826
14.2826
14.2826
14.2826
14.2826
14.2826
14.2826
14.2826
14.2826
14.2826
14.2826
14.2826
14.2826
14.2826
14.2826
14.2826
14.2826
14.2826
14.2826
14.2826
14.2826
14.2826
14.2826
14.2826
14.2826
14.2826
14.2826
14.2826
14.2826
14.2826
14.2826
14.2826
14.2826
14.2827
14.2827
14.2827
14.2827
14.2827
14.2827
14.2827
14.2827
14.2827
14.2827
14.2827
14.2827
14.2827
14.2826
14.2826
14.2826
14.2826
14.2826
14.2826
14.2826
14.2826
14.2826
14.2826
14.2826
14.2826
14.2826
14.2827
14.2827
14.2827
14.2827
14.2827
14.2827
14.2827
14.2827
14.2827
14.2827
14.2827
14.2827
14.2827
14.2827
14.2827
14.2827
14.2827
14.2827
14.2827
14.2827
14.2827
14.2827
14.2827
14.2827
14.2827
14.2827
14.2827
14.2827
14.2827
14.2827
14.2827
14.2827
14.2827
14.2827
14.2827
14.2827
14.2827
14.2827
14.2827
14.2827
14.2827
14.2827
14.2827
14.2827
14.2827
14.2827
14.2827
14.2827
14.2827
14.2827
14.2827
14.2827
14.2827
14.2827
14.2827
14.2827
14.2827
14.2827
14.2827
14.2827
14.2827
14.2827
14.2827
14.2827
14.2827
14.2827
14.2827
14.2827
14.2827
14.2827
14.2827
14.2827
14.2827
14.2827
14.2827
14.2827
14.2827
14.2827
14.2827
14.2827
14.2827
14.2827
14.2827
14.2827
14.2827
14.2827
14.2827
14.2827
14.2828
14.2828
14.2828
14.2828
14.2828
14.2828
14.2828
14.2827
14.2827
14.2827
14.2827
14.2827
14.2827
14.2827
14.2827
14.2827
14.2827
14.2827
14.2827
14.2827
14.2827
14.2827
14.2827
14.2827
14.2827
14.2827
14.2827
14.2827
14.2827
14.2827
14.2827
14.2827
14.2827
14.2827
14.2827
14.2827
14.2827
14.2827
14.2827
14.2827
14.2827
14.2827
14.2827
14.2827
14.2827
14.2827
14.2827
14.2827
14.2827
14.2827
14.2827
14.2827
14.2827
14.2827
14.2827
14.2827
14.2827
14.2827
14.2827
14.2827
14.2827
14.2827
14.2827
14.2827
14.2827
14.2827
14.2827
14.2827
14.2827
14.2827
14.2827
14.2827
14.2827
14.2827
14.2827
14.2827
14.2827
14.2827
14.2827
14.2827
14.2827
14.2827
14.2827
14.2827
14.2827
14.2827
14.2827
14.2827
14.2827
14.2827
14.2827
14.2827
14.2827
14.2827
14.2827
14.2827
14.2827
14.2827
14.2827
14.2827
14.2827
14.2827
14.2827
14.2827
14.2827
14.2827
14.2827
14.2827
14.2827
14.2827
14.2826
14.2826
14.2826
14.2826
14.2826
14.2826
14.2826
14.2826
14.2826
14.2826
14.2826
14.2826
14.2826
14.2826
14.2826
14.2826
14.2826
14.2826
14.2826
14.2826
14.2827
14.2827
14.2827
14.2827
14.2827
14.2827
14.2827
14.2827
14.2827
14.2827
14.2827
14.2827
14.2828
14.2828
14.2828
14.2828
14.2828
14.2828
14.2828
14.2828
14.2828
14.2829
14.2829
14.2829
14.2828
14.2828
14.2828
14.2828
14.2828
14.2828
14.2828
14.2828
14.2828
14.2828
14.2828
14.2827
14.2827
14.2827
14.2826
14.2826
14.2825
14.2824
14.2822
14.2818
14.2813
14.2803
14.2794
14.2732
14.3243
14.3123
13.9743
28.7295
28.1192
25.5126
23.7023
22.3705
20.8016
19.5483
18.5045
17.6121
16.8364
16.164
15.5958
15.1366
14.7863
14.5362
14.3699
14.2678
14.2111
14.1846
14.1771
14.1807
14.1867
14.1898
14.1926
14.1961
14.2003
14.2052
14.2103
14.2156
14.2209
14.226
14.231
14.2356
14.24
14.2441
14.2479
14.2514
14.2547
14.2578
14.2609
14.2637
14.2662
14.2684
14.2702
14.2719
14.2733
14.2745
14.2755
14.2764
14.2772
14.2779
14.2785
14.2791
14.2795
14.2799
14.2802
14.2805
14.2808
14.281
14.2812
14.2813
14.2814
14.2816
14.2817
14.2817
14.2818
14.2819
14.2819
14.282
14.282
14.2821
14.2821
14.2821
14.2822
14.2822
14.2822
14.2822
14.2822
14.2822
14.2823
14.2823
14.2823
14.2823
14.2823
14.2823
14.2823
14.2823
14.2824
14.2824
14.2824
14.2824
14.2824
14.2824
14.2824
14.2824
14.2824
14.2824
14.2824
14.2824
14.2824
14.2824
14.2824
14.2824
14.2824
14.2824
14.2825
14.2825
14.2825
14.2824
14.2825
14.2825
14.2825
14.2825
14.2825
14.2825
14.2825
14.2825
14.2825
14.2825
14.2825
14.2825
14.2825
14.2825
14.2825
14.2825
14.2825
14.2825
14.2825
14.2825
14.2825
14.2825
14.2825
14.2825
14.2825
14.2825
14.2825
14.2825
14.2825
14.2825
14.2826
14.2825
14.2825
14.2825
14.2826
14.2825
14.2826
14.2826
14.2826
14.2826
14.2826
14.2826
14.2826
14.2826
14.2826
14.2826
14.2826
14.2826
14.2826
14.2826
14.2826
14.2826
14.2826
14.2826
14.2826
14.2826
14.2826
14.2826
14.2826
14.2826
14.2826
14.2826
14.2826
14.2826
14.2826
14.2826
14.2826
14.2826
14.2826
14.2826
14.2826
14.2826
14.2826
14.2826
14.2826
14.2826
14.2826
14.2826
14.2826
14.2826
14.2826
14.2826
14.2826
14.2826
14.2826
14.2826
14.2826
14.2826
14.2826
14.2826
14.2826
14.2826
14.2826
14.2826
14.2826
14.2826
14.2827
14.2827
14.2827
14.2827
14.2827
14.2827
14.2827
14.2827
14.2827
14.2827
14.2827
14.2826
14.2826
14.2826
14.2826
14.2826
14.2826
14.2826
14.2826
14.2826
14.2826
14.2826
14.2826
14.2826
14.2826
14.2826
14.2827
14.2827
14.2827
14.2827
14.2827
14.2827
14.2827
14.2827
14.2827
14.2827
14.2827
14.2827
14.2827
14.2827
14.2827
14.2827
14.2827
14.2827
14.2827
14.2827
14.2827
14.2827
14.2827
14.2827
14.2827
14.2827
14.2827
14.2827
14.2827
14.2827
14.2827
14.2827
14.2827
14.2827
14.2827
14.2827
14.2827
14.2827
14.2827
14.2827
14.2827
14.2827
14.2827
14.2827
14.2827
14.2827
14.2827
14.2827
14.2827
14.2827
14.2827
14.2827
14.2827
14.2827
14.2827
14.2827
14.2827
14.2827
14.2827
14.2827
14.2827
14.2827
14.2827
14.2827
14.2827
14.2827
14.2827
14.2827
14.2827
14.2827
14.2827
14.2827
14.2827
14.2827
14.2827
14.2827
14.2827
14.2827
14.2827
14.2827
14.2827
14.2827
14.2827
14.2827
14.2827
14.2827
14.2827
14.2827
14.2827
14.2828
14.2828
14.2828
14.2828
14.2828
14.2828
14.2827
14.2827
14.2827
14.2827
14.2827
14.2827
14.2827
14.2827
14.2827
14.2827
14.2827
14.2827
14.2827
14.2827
14.2827
14.2827
14.2827
14.2827
14.2827
14.2827
14.2827
14.2827
14.2827
14.2827
14.2827
14.2827
14.2827
14.2827
14.2827
14.2827
14.2827
14.2827
14.2827
14.2827
14.2827
14.2827
14.2827
14.2827
14.2827
14.2827
14.2827
14.2827
14.2827
14.2827
14.2827
14.2827
14.2827
14.2827
14.2827
14.2827
14.2827
14.2827
14.2827
14.2827
14.2827
14.2827
14.2827
14.2827
14.2827
14.2827
14.2827
14.2827
14.2827
14.2827
14.2827
14.2827
14.2827
14.2827
14.2827
14.2827
14.2827
14.2827
14.2827
14.2827
14.2827
14.2827
14.2827
14.2827
14.2827
14.2827
14.2827
14.2827
14.2827
14.2827
14.2827
14.2827
14.2827
14.2827
14.2827
14.2827
14.2827
14.2827
14.2827
14.2827
14.2827
14.2827
14.2827
14.2827
14.2827
14.2827
14.2827
14.2827
14.2827
14.2826
14.2826
14.2826
14.2826
14.2826
14.2826
14.2826
14.2826
14.2826
14.2826
14.2826
14.2826
14.2826
14.2826
14.2826
14.2826
14.2826
14.2826
14.2826
14.2826
14.2827
14.2827
14.2827
14.2827
14.2827
14.2827
14.2827
14.2827
14.2827
14.2827
14.2827
14.2827
14.2828
14.2828
14.2828
14.2828
14.2828
14.2828
14.2828
14.2828
14.2829
14.2829
14.2829
14.2829
14.2829
14.2828
14.2828
14.2828
14.2828
14.2828
14.2828
14.2828
14.2828
14.2828
14.2828
14.2827
14.2827
14.2827
14.2827
14.2826
14.2825
14.2824
14.2822
14.2818
14.2813
14.2803
14.2794
14.2732
14.3243
14.3123
13.9742
27.6909
26.8872
24.308
22.6074
21.3634
19.8952
18.7228
17.7377
16.8842
16.1312
15.4681
14.8976
14.4259
14.0543
13.7759
13.5765
13.4388
13.3413
13.2632
13.2005
13.1518
13.1147
13.087
13.0666
13.0519
13.0414
13.0342
13.0293
13.0263
13.0246
13.0239
13.024
13.0246
13.0256
13.0269
13.0283
13.0299
13.0315
13.0331
13.035
13.0368
13.0385
13.04
13.0413
13.0426
13.0437
13.0446
13.0455
13.0462
13.0469
13.0474
13.0479
13.0483
13.0487
13.049
13.0493
13.0496
13.0498
13.05
13.0501
13.0503
13.0504
13.0505
13.0506
13.0507
13.0507
13.0508
13.0509
13.0509
13.051
13.051
13.051
13.0511
13.0511
13.0511
13.0511
13.0512
13.0512
13.0512
13.0512
13.0512
13.0512
13.0513
13.0513
13.0513
13.0513
13.0513
13.0513
13.0513
13.0513
13.0513
13.0513
13.0513
13.0513
13.0513
13.0514
13.0514
13.0514
13.0514
13.0514
13.0514
13.0514
13.0514
13.0514
13.0514
13.0514
13.0514
13.0514
13.0514
13.0514
13.0514
13.0514
13.0514
13.0514
13.0514
13.0515
13.0515
13.0515
13.0515
13.0515
13.0515
13.0515
13.0515
13.0515
13.0515
13.0515
13.0515
13.0515
13.0515
13.0515
13.0515
13.0515
13.0515
13.0515
13.0515
13.0515
13.0515
13.0515
13.0515
13.0515
13.0515
13.0515
13.0515
13.0515
13.0515
13.0515
13.0516
13.0516
13.0516
13.0516
13.0516
13.0516
13.0516
13.0516
13.0516
13.0516
13.0516
13.0516
13.0516
13.0516
13.0516
13.0516
13.0516
13.0516
13.0516
13.0516
13.0516
13.0516
13.0516
13.0516
13.0516
13.0516
13.0516
13.0516
13.0516
13.0516
13.0516
13.0516
13.0516
13.0516
13.0516
13.0516
13.0516
13.0516
13.0516
13.0516
13.0516
13.0516
13.0516
13.0516
13.0516
13.0516
13.0516
13.0516
13.0516
13.0516
13.0516
13.0516
13.0516
13.0516
13.0516
13.0516
13.0516
13.0516
13.0517
13.0517
13.0517
13.0517
13.0517
13.0517
13.0517
13.0517
13.0517
13.0517
13.0517
13.0517
13.0516
13.0516
13.0516
13.0516
13.0516
13.0516
13.0516
13.0516
13.0516
13.0516
13.0516
13.0516
13.0516
13.0517
13.0517
13.0517
13.0517
13.0517
13.0517
13.0517
13.0517
13.0517
13.0517
13.0517
13.0517
13.0517
13.0517
13.0517
13.0517
13.0517
13.0517
13.0517
13.0517
13.0517
13.0517
13.0517
13.0517
13.0517
13.0517
13.0517
13.0517
13.0517
13.0517
13.0517
13.0517
13.0517
13.0517
13.0517
13.0517
13.0517
13.0517
13.0517
13.0517
13.0517
13.0517
13.0517
13.0517
13.0517
13.0517
13.0517
13.0517
13.0517
13.0517
13.0517
13.0517
13.0517
13.0517
13.0517
13.0517
13.0517
13.0517
13.0517
13.0517
13.0517
13.0517
13.0517
13.0517
13.0517
13.0517
13.0517
13.0517
13.0517
13.0517
13.0517
13.0517
13.0517
13.0517
13.0517
13.0517
13.0517
13.0517
13.0517
13.0517
13.0517
13.0517
13.0517
13.0517
13.0517
13.0517
13.0517
13.0517
13.0517
13.0517
13.0518
13.0518
13.0518
13.0518
13.0518
13.0518
13.0518
13.0517
13.0517
13.0517
13.0517
13.0517
13.0517
13.0517
13.0517
13.0517
13.0517
13.0517
13.0517
13.0517
13.0517
13.0517
13.0517
13.0517
13.0517
13.0517
13.0517
13.0517
13.0517
13.0517
13.0517
13.0517
13.0517
13.0517
13.0517
13.0517
13.0517
13.0517
13.0517
13.0517
13.0517
13.0517
13.0517
13.0517
13.0517
13.0517
13.0517
13.0517
13.0517
13.0517
13.0517
13.0517
13.0517
13.0517
13.0517
13.0517
13.0517
13.0517
13.0517
13.0517
13.0517
13.0517
13.0517
13.0517
13.0517
13.0517
13.0517
13.0517
13.0517
13.0517
13.0517
13.0517
13.0517
13.0517
13.0517
13.0517
13.0517
13.0517
13.0517
13.0517
13.0517
13.0517
13.0517
13.0517
13.0517
13.0517
13.0517
13.0517
13.0517
13.0517
13.0517
13.0517
13.0517
13.0517
13.0517
13.0517
13.0517
13.0517
13.0517
13.0517
13.0517
13.0517
13.0517
13.0517
13.0517
13.0517
13.0517
13.0517
13.0517
13.0516
13.0516
13.0516
13.0516
13.0516
13.0516
13.0516
13.0516
13.0516
13.0516
13.0516
13.0516
13.0516
13.0516
13.0516
13.0516
13.0516
13.0516
13.0516
13.0517
13.0517
13.0517
13.0517
13.0517
13.0517
13.0517
13.0517
13.0517
13.0517
13.0517
13.0517
13.0517
13.0518
13.0518
13.0518
13.0518
13.0518
13.0518
13.0518
13.0519
13.0519
13.0519
13.0519
13.0519
13.0519
13.0519
13.0519
13.0519
13.0519
13.0519
13.0518
13.0518
13.0518
13.0518
13.0518
13.0518
13.0518
13.0517
13.0517
13.0516
13.0515
13.0514
13.0512
13.0508
13.0499
13.0483
13.0452
13.0401
13.0266
13.0462
12.991
12.4099
25.7803
24.652
22.1496
20.676
19.62
18.3454
17.3231
16.4452
15.6637
14.955
14.3139
13.7462
13.2599
12.8579
12.5295
12.2495
12.0108
11.8103
11.6446
8.83532
8.56322
8.33298
8.14068
7.98179
7.85169
7.74595
7.66059
7.59212
7.53755
7.49433
7.46036
7.43388
7.41343
7.39782
7.38607
7.37739
7.37112
7.36676
7.36389
7.36214
7.36125
7.36102
7.36127
7.36188
7.36273
7.36374
7.36485
7.366
7.36716
7.3683
7.36941
7.37046
7.37146
7.37239
7.37325
7.37404
7.37477
7.37543
7.37603
7.37657
7.37706
7.3775
7.37789
7.37825
7.37856
7.37885
7.3791
7.37933
7.37953
7.37971
7.37987
7.38002
7.38015
7.38027
7.38037
7.38046
7.38054
7.38062
7.38068
7.38074
7.3808
7.38085
7.38089
7.38093
7.38096
7.381
7.38103
7.38106
7.38109
7.38112
7.38114
7.38117
7.38119
7.38121
7.38123
7.38126
7.38127
7.38129
7.3813
7.38132
7.38133
7.38135
7.38136
7.38137
7.38138
7.38139
7.3814
7.38141
7.38142
7.38143
7.38143
7.38145
7.38145
7.38147
7.38147
7.38149
7.3815
7.38151
7.38152
7.38153
7.38154
7.38156
7.38156
7.38158
7.38159
7.3816
7.38161
7.38162
7.38163
7.38164
7.38164
7.38165
7.38166
7.38167
7.38167
7.38169
7.38169
7.3817
7.38171
7.38173
7.38174
7.38175
7.38176
7.38178
7.38179
7.38181
7.38182
7.38183
7.38184
7.38185
7.38185
7.38186
7.38186
7.38187
7.38187
7.38187
7.38187
7.38187
7.38186
7.38187
7.38186
7.38187
7.38186
7.38186
7.38186
7.38186
7.38186
7.38186
7.38186
7.38187
7.38187
7.38188
7.38188
7.38189
7.38189
7.3819
7.3819
7.38191
7.38191
7.38191
7.38191
7.38192
7.38192
7.38192
7.38192
7.38192
7.38191
7.38191
7.38191
7.38191
7.38192
7.38192
7.38193
7.38194
7.38194
7.38195
7.38196
7.38197
7.38198
7.38199
7.38199
7.38201
7.38201
7.38202
7.38203
7.38204
7.38204
7.38204
7.38204
7.38204
7.38203
7.38203
7.38202
7.38202
7.38202
7.38202
7.38202
7.38202
7.38202
7.38202
7.38203
7.38204
7.38204
7.38205
7.38206
7.38207
7.38208
7.38209
7.3821
7.38211
7.38211
7.38213
7.38213
7.38214
7.38215
7.38216
7.38217
7.38218
7.38218
7.38219
7.38219
7.3822
7.3822
7.38221
7.3822
7.38221
7.38221
7.38221
7.3822
7.3822
7.38219
7.38219
7.38217
7.38217
7.38215
7.38214
7.38213
7.38212
7.38211
7.38211
7.3821
7.3821
7.3821
7.3821
7.3821
7.3821
7.3821
7.3821
7.3821
7.3821
7.3821
7.3821
7.3821
7.38211
7.38212
7.38213
7.38213
7.38215
7.38215
7.38216
7.38217
7.38218
7.38219
7.38219
7.38219
7.3822
7.3822
7.38222
7.38222
7.38223
7.38224
7.38226
7.38226
7.38227
7.38227
7.38228
7.38227
7.38228
7.38227
7.38227
7.38226
7.38226
7.38225
7.38225
7.38224
7.38224
7.38223
7.38223
7.38222
7.38222
7.38221
7.38221
7.3822
7.38219
7.38218
7.38217
7.38216
7.38216
7.38215
7.38215
7.38214
7.38214
7.38214
7.38214
7.38215
7.38215
7.38215
7.38215
7.38215
7.38215
7.38215
7.38216
7.38216
7.38217
7.38218
7.38218
7.38218
7.38218
7.38218
7.38217
7.38217
7.38216
7.38215
7.38213
7.38212
7.38211
7.38209
7.38208
7.38207
7.38206
7.38205
7.38204
7.38204
7.38204
7.38203
7.38203
7.38203
7.38203
7.38203
7.38203
7.38203
7.38203
7.38204
7.38204
7.38205
7.38206
7.38206
7.38207
7.38208
7.38209
7.3821
7.38211
7.38211
7.38212
7.38212
7.38213
7.38214
7.38215
7.38216
7.38217
7.38218
7.38219
7.38219
7.3822
7.38221
7.38221
7.38221
7.38222
7.38222
7.38222
7.38222
7.38223
7.38222
7.38223
7.38222
7.38222
7.38222
7.38221
7.3822
7.38219
7.38218
7.38217
7.38217
7.38216
7.38215
7.38215
7.38214
7.38214
7.38214
7.38214
7.38214
7.38214
7.38214
7.38213
7.38213
7.38213
7.38212
7.38212
7.38211
7.3821
7.38209
7.38208
7.38206
7.38205
7.38203
7.38202
7.382
7.38199
7.38198
7.38197
7.38196
7.38196
7.38196
7.38197
7.38197
7.38198
7.38198
7.38199
7.38199
7.382
7.38201
7.38201
7.38201
7.38202
7.38202
7.38203
7.38204
7.38205
7.38207
7.38209
7.38212
7.38214
7.38217
7.38219
7.38221
7.38223
7.38225
7.38227
7.38229
7.38231
7.38233
7.38235
7.38238
7.3824
7.38242
7.38245
7.38247
7.38249
7.38251
7.38253
7.38255
7.38256
7.38257
7.38257
7.38257
7.38256
7.38255
7.38253
7.38251
7.38249
7.38247
7.38244
7.38241
7.38237
7.38232
7.38223
7.38209
7.38189
7.38159
7.3811
7.38021
7.37844
7.37473
7.36664
7.34909
7.31159
7.21784
7.07035
6.89742
6.19812
25.7803
24.652
22.1496
20.676
19.62
18.3454
17.3231
16.4452
15.6637
14.955
14.3139
13.7462
13.2599
12.8579
12.5294
12.2495
12.0108
11.8103
11.6446
8.83532
8.56322
8.33298
8.14068
7.98179
7.85169
7.74595
7.66059
7.59212
7.53754
7.49433
7.46036
7.43387
7.41342
7.39781
7.38607
7.37739
7.37112
7.36676
7.36389
7.36213
7.36125
7.36102
7.36127
7.36188
7.36273
7.36374
7.36485
7.366
7.36716
7.3683
7.3694
7.37046
7.37146
7.37239
7.37325
7.37404
7.37477
7.37543
7.37603
7.37657
7.37706
7.3775
7.37789
7.37825
7.37856
7.37885
7.3791
7.37933
7.37953
7.37971
7.37987
7.38002
7.38015
7.38027
7.38037
7.38046
7.38054
7.38062
7.38068
7.38074
7.3808
7.38085
7.38089
7.38093
7.38096
7.381
7.38103
7.38106
7.38109
7.38112
7.38114
7.38116
7.38119
7.38121
7.38123
7.38125
7.38127
7.38129
7.3813
7.38132
7.38133
7.38135
7.38136
7.38137
7.38138
7.38139
7.3814
7.38141
7.38141
7.38143
7.38143
7.38145
7.38145
7.38146
7.38147
7.38149
7.38149
7.38151
7.38152
7.38153
7.38154
7.38155
7.38156
7.38158
7.38159
7.3816
7.38161
7.38162
7.38163
7.38164
7.38165
7.38166
7.38166
7.38167
7.38168
7.38169
7.3817
7.38171
7.38172
7.38173
7.38174
7.38176
7.38177
7.38178
7.38179
7.38181
7.38182
7.38183
7.38184
7.38185
7.38186
7.38186
7.38186
7.38187
7.38187
7.38187
7.38187
7.38187
7.38187
7.38187
7.38187
7.38187
7.38187
7.38187
7.38186
7.38186
7.38186
7.38187
7.38187
7.38187
7.38188
7.38188
7.38189
7.38189
7.38189
7.3819
7.3819
7.38191
7.38191
7.38191
7.38191
7.38192
7.38192
7.38192
7.38192
7.38192
7.38191
7.38191
7.38191
7.38192
7.38192
7.38192
7.38193
7.38194
7.38194
7.38195
7.38196
7.38197
7.38198
7.38199
7.38199
7.38201
7.38201
7.38202
7.38203
7.38204
7.38204
7.38204
7.38204
7.38204
7.38203
7.38203
7.38202
7.38202
7.38202
7.38202
7.38202
7.38202
7.38202
7.38203
7.38203
7.38204
7.38204
7.38206
7.38206
7.38207
7.38208
7.38209
7.3821
7.38211
7.38211
7.38213
7.38213
7.38215
7.38215
7.38216
7.38217
7.38218
7.38218
7.38219
7.38219
7.3822
7.3822
7.38221
7.3822
7.38221
7.38221
7.38221
7.38221
7.3822
7.38219
7.38219
7.38218
7.38217
7.38216
7.38215
7.38213
7.38213
7.38212
7.38211
7.3821
7.3821
7.3821
7.3821
7.3821
7.3821
7.3821
7.38211
7.3821
7.38211
7.38211
7.38211
7.38211
7.38212
7.38212
7.38213
7.38214
7.38215
7.38216
7.38217
7.38218
7.38219
7.38219
7.3822
7.3822
7.38221
7.38221
7.38222
7.38222
7.38224
7.38224
7.38226
7.38226
7.38227
7.38228
7.38228
7.38228
7.38228
7.38227
7.38227
7.38227
7.38227
7.38226
7.38226
7.38225
7.38225
7.38224
7.38224
7.38223
7.38223
7.38221
7.38221
7.3822
7.3822
7.38218
7.38218
7.38216
7.38216
7.38215
7.38215
7.38215
7.38215
7.38215
7.38215
7.38215
7.38215
7.38215
7.38215
7.38215
7.38215
7.38216
7.38216
7.38217
7.38217
7.38218
7.38218
7.38219
7.38219
7.38218
7.38218
7.38217
7.38216
7.38215
7.38214
7.38212
7.38211
7.3821
7.38208
7.38207
7.38206
7.38205
7.38205
7.38204
7.38204
7.38203
7.38203
7.38203
7.38203
7.38203
7.38203
7.38203
7.38203
7.38204
7.38204
7.38205
7.38206
7.38207
7.38207
7.38208
7.38209
7.3821
7.38211
7.38211
7.38212
7.38213
7.38213
7.38214
7.38215
7.38216
7.38217
7.38218
7.38219
7.3822
7.3822
7.38221
7.38222
7.38222
7.38222
7.38222
7.38223
7.38222
7.38223
7.38222
7.38223
7.38222
7.38222
7.38222
7.38221
7.3822
7.38219
7.38218
7.38218
7.38217
7.38216
7.38215
7.38215
7.38214
7.38214
7.38214
7.38214
7.38214
7.38214
7.38214
7.38214
7.38213
7.38213
7.38213
7.38212
7.38211
7.3821
7.38209
7.38208
7.38206
7.38205
7.38203
7.38202
7.382
7.38199
7.38198
7.38197
7.38196
7.38196
7.38196
7.38197
7.38197
7.38198
7.38198
7.38199
7.382
7.382
7.38201
7.38201
7.38202
7.38202
7.38202
7.38203
7.38204
7.38206
7.38207
7.3821
7.38212
7.38214
7.38217
7.38219
7.38221
7.38223
7.38225
7.38227
7.38229
7.38231
7.38233
7.38235
7.38238
7.3824
7.38242
7.38245
7.38247
7.38249
7.38251
7.38253
7.38255
7.38256
7.38257
7.38257
7.38257
7.38256
7.38255
7.38254
7.38252
7.38249
7.38247
7.38244
7.38241
7.38237
7.38232
7.38223
7.38209
7.38189
7.38159
7.38109
7.3802
7.37843
7.3747
7.36661
7.34906
7.31156
7.21781
7.07032
6.89739
6.19809
27.6909
26.8872
24.308
22.6074
21.3634
19.8952
18.7228
17.7377
16.8842
16.1312
15.4681
14.8976
14.4259
14.0543
13.7759
13.5765
13.4388
13.3413
13.2631
13.2005
13.1518
13.1147
13.087
13.0666
13.0519
13.0414
13.0342
13.0293
13.0263
13.0246
13.0239
13.024
13.0246
13.0256
13.0269
13.0283
13.0299
13.0315
13.0331
13.035
13.0368
13.0385
13.04
13.0413
13.0426
13.0437
13.0446
13.0455
13.0462
13.0469
13.0474
13.0479
13.0483
13.0487
13.049
13.0493
13.0496
13.0498
13.05
13.0501
13.0503
13.0504
13.0505
13.0506
13.0507
13.0507
13.0508
13.0509
13.0509
13.051
13.051
13.051
13.0511
13.0511
13.0511
13.0511
13.0512
13.0512
13.0512
13.0512
13.0512
13.0512
13.0513
13.0513
13.0513
13.0513
13.0513
13.0513
13.0513
13.0513
13.0513
13.0513
13.0513
13.0513
13.0513
13.0514
13.0514
13.0514
13.0514
13.0514
13.0514
13.0514
13.0514
13.0514
13.0514
13.0514
13.0514
13.0514
13.0514
13.0514
13.0514
13.0514
13.0514
13.0515
13.0515
13.0515
13.0515
13.0515
13.0515
13.0515
13.0515
13.0515
13.0515
13.0515
13.0515
13.0515
13.0515
13.0515
13.0515
13.0515
13.0515
13.0515
13.0515
13.0515
13.0515
13.0515
13.0515
13.0515
13.0515
13.0515
13.0515
13.0516
13.0516
13.0516
13.0516
13.0516
13.0516
13.0516
13.0516
13.0516
13.0516
13.0516
13.0516
13.0516
13.0516
13.0516
13.0516
13.0516
13.0516
13.0516
13.0516
13.0516
13.0516
13.0516
13.0516
13.0516
13.0516
13.0516
13.0516
13.0516
13.0516
13.0516
13.0516
13.0516
13.0516
13.0516
13.0516
13.0516
13.0516
13.0516
13.0516
13.0516
13.0516
13.0516
13.0516
13.0516
13.0516
13.0516
13.0516
13.0516
13.0516
13.0516
13.0516
13.0516
13.0516
13.0516
13.0516
13.0516
13.0516
13.0516
13.0516
13.0516
13.0517
13.0517
13.0517
13.0517
13.0517
13.0517
13.0517
13.0517
13.0517
13.0517
13.0517
13.0517
13.0517
13.0517
13.0517
13.0517
13.0516
13.0516
13.0516
13.0516
13.0517
13.0517
13.0517
13.0517
13.0517
13.0517
13.0517
13.0517
13.0517
13.0517
13.0517
13.0517
13.0517
13.0517
13.0517
13.0517
13.0517
13.0517
13.0517
13.0517
13.0517
13.0517
13.0517
13.0517
13.0517
13.0517
13.0517
13.0517
13.0517
13.0517
13.0517
13.0517
13.0517
13.0517
13.0517
13.0517
13.0517
13.0517
13.0517
13.0517
13.0517
13.0517
13.0517
13.0517
13.0517
13.0517
13.0517
13.0517
13.0517
13.0517
13.0517
13.0517
13.0517
13.0517
13.0517
13.0517
13.0518
13.0518
13.0518
13.0517
13.0517
13.0517
13.0517
13.0517
13.0517
13.0517
13.0517
13.0517
13.0517
13.0518
13.0518
13.0518
13.0518
13.0518
13.0518
13.0518
13.0518
13.0518
13.0517
13.0517
13.0517
13.0517
13.0517
13.0517
13.0517
13.0518
13.0518
13.0518
13.0517
13.0517
13.0517
13.0517
13.0517
13.0517
13.0517
13.0517
13.0517
13.0518
13.0518
13.0518
13.0518
13.0518
13.0518
13.0518
13.0518
13.0517
13.0517
13.0517
13.0517
13.0517
13.0517
13.0518
13.0518
13.0518
13.0518
13.0518
13.0517
13.0517
13.0517
13.0517
13.0517
13.0517
13.0517
13.0517
13.0517
13.0517
13.0517
13.0517
13.0517
13.0517
13.0517
13.0517
13.0517
13.0517
13.0517
13.0517
13.0517
13.0517
13.0517
13.0517
13.0517
13.0517
13.0517
13.0517
13.0517
13.0517
13.0517
13.0517
13.0517
13.0517
13.0517
13.0517
13.0517
13.0517
13.0517
13.0517
13.0517
13.0517
13.0517
13.0517
13.0517
13.0517
13.0517
13.0517
13.0517
13.0517
13.0517
13.0517
13.0517
13.0517
13.0517
13.0517
13.0517
13.0517
13.0517
13.0517
13.0517
13.0517
13.0517
13.0517
13.0517
13.0517
13.0517
13.0517
13.0517
13.0517
13.0517
13.0517
13.0517
13.0517
13.0517
13.0517
13.0517
13.0517
13.0517
13.0517
13.0517
13.0517
13.0517
13.0517
13.0517
13.0517
13.0517
13.0517
13.0517
13.0517
13.0517
13.0517
13.0516
13.0516
13.0516
13.0516
13.0516
13.0516
13.0516
13.0516
13.0516
13.0516
13.0516
13.0517
13.0517
13.0517
13.0517
13.0517
13.0517
13.0517
13.0517
13.0517
13.0517
13.0517
13.0517
13.0517
13.0517
13.0517
13.0517
13.0517
13.0517
13.0518
13.0518
13.0518
13.0518
13.0518
13.0518
13.0518
13.0519
13.0519
13.0519
13.0519
13.0519
13.0519
13.0519
13.0519
13.0519
13.0519
13.0519
13.0519
13.0519
13.0519
13.0518
13.0518
13.0518
13.0518
13.0518
13.0518
13.0517
13.0517
13.0516
13.0514
13.0512
13.0508
13.0499
13.0483
13.0452
13.0401
13.0266
13.0461
12.9909
12.4098
28.7295
28.1192
25.5126
23.7023
22.3705
20.8016
19.5483
18.5045
17.6121
16.8364
16.164
15.5958
15.1366
14.7863
14.5362
14.3699
14.2678
14.2111
14.1846
14.1771
14.1807
14.1867
14.1898
14.1926
14.1961
14.2003
14.2052
14.2103
14.2156
14.2209
14.226
14.231
14.2356
14.24
14.2441
14.2479
14.2514
14.2547
14.2578
14.2609
14.2637
14.2662
14.2683
14.2702
14.2718
14.2733
14.2745
14.2755
14.2764
14.2772
14.2779
14.2785
14.2791
14.2795
14.2799
14.2802
14.2805
14.2808
14.281
14.2812
14.2813
14.2815
14.2816
14.2817
14.2817
14.2818
14.2819
14.2819
14.282
14.282
14.2821
14.2821
14.2821
14.2822
14.2822
14.2822
14.2822
14.2822
14.2822
14.2823
14.2823
14.2823
14.2823
14.2823
14.2823
14.2823
14.2823
14.2824
14.2824
14.2824
14.2824
14.2824
14.2824
14.2824
14.2824
14.2824
14.2824
14.2824
14.2824
14.2824
14.2824
14.2824
14.2824
14.2824
14.2824
14.2825
14.2825
14.2825
14.2825
14.2825
14.2825
14.2825
14.2825
14.2825
14.2825
14.2825
14.2825
14.2825
14.2825
14.2825
14.2825
14.2825
14.2825
14.2825
14.2825
14.2825
14.2825
14.2825
14.2825
14.2825
14.2825
14.2825
14.2825
14.2825
14.2825
14.2826
14.2826
14.2826
14.2826
14.2826
14.2826
14.2826
14.2826
14.2826
14.2826
14.2826
14.2826
14.2826
14.2826
14.2826
14.2826
14.2826
14.2826
14.2826
14.2826
14.2826
14.2826
14.2826
14.2826
14.2826
14.2826
14.2826
14.2826
14.2826
14.2826
14.2826
14.2826
14.2826
14.2826
14.2826
14.2826
14.2826
14.2826
14.2826
14.2826
14.2826
14.2826
14.2826
14.2826
14.2826
14.2826
14.2826
14.2826
14.2826
14.2826
14.2826
14.2826
14.2826
14.2826
14.2826
14.2826
14.2826
14.2826
14.2826
14.2826
14.2826
14.2826
14.2826
14.2826
14.2826
14.2826
14.2827
14.2827
14.2827
14.2827
14.2827
14.2827
14.2827
14.2827
14.2827
14.2827
14.2827
14.2827
14.2827
14.2827
14.2827
14.2827
14.2827
14.2827
14.2827
14.2826
14.2827
14.2827
14.2827
14.2827
14.2827
14.2827
14.2827
14.2827
14.2827
14.2827
14.2827
14.2827
14.2827
14.2827
14.2827
14.2827
14.2827
14.2827
14.2827
14.2827
14.2827
14.2827
14.2827
14.2827
14.2827
14.2827
14.2827
14.2827
14.2827
14.2827
14.2827
14.2827
14.2827
14.2827
14.2827
14.2827
14.2827
14.2827
14.2827
14.2827
14.2827
14.2827
14.2827
14.2827
14.2827
14.2827
14.2827
14.2827
14.2827
14.2827
14.2827
14.2827
14.2827
14.2827
14.2827
14.2827
14.2827
14.2827
14.2828
14.2827
14.2827
14.2827
14.2827
14.2827
14.2827
14.2827
14.2827
14.2827
14.2827
14.2827
14.2828
14.2827
14.2828
14.2828
14.2828
14.2827
14.2828
14.2827
14.2827
14.2827
14.2827
14.2827
14.2827
14.2827
14.2827
14.2827
14.2828
14.2827
14.2828
14.2827
14.2827
14.2827
14.2827
14.2827
14.2827
14.2827
14.2827
14.2827
14.2828
14.2828
14.2828
14.2828
14.2828
14.2828
14.2828
14.2827
14.2827
14.2827
14.2827
14.2827
14.2827
14.2827
14.2827
14.2827
14.2827
14.2827
14.2827
14.2827
14.2827
14.2827
14.2827
14.2827
14.2827
14.2827
14.2827
14.2827
14.2827
14.2827
14.2827
14.2827
14.2827
14.2827
14.2827
14.2827
14.2827
14.2827
14.2827
14.2827
14.2827
14.2827
14.2827
14.2827
14.2827
14.2827
14.2827
14.2827
14.2827
14.2827
14.2827
14.2827
14.2827
14.2827
14.2827
14.2827
14.2827
14.2827
14.2827
14.2827
14.2827
14.2827
14.2827
14.2827
14.2827
14.2827
14.2827
14.2827
14.2827
14.2827
14.2827
14.2827
14.2827
14.2827
14.2827
14.2827
14.2827
14.2827
14.2827
14.2827
14.2827
14.2827
14.2827
14.2827
14.2827
14.2827
14.2827
14.2827
14.2827
14.2827
14.2827
14.2827
14.2827
14.2827
14.2827
14.2827
14.2827
14.2827
14.2827
14.2827
14.2827
14.2827
14.2827
14.2827
14.2827
14.2827
14.2827
14.2827
14.2827
14.2827
14.2827
14.2827
14.2827
14.2826
14.2826
14.2826
14.2826
14.2826
14.2827
14.2827
14.2827
14.2827
14.2827
14.2827
14.2827
14.2827
14.2827
14.2827
14.2827
14.2827
14.2827
14.2827
14.2827
14.2827
14.2827
14.2827
14.2827
14.2827
14.2827
14.2827
14.2828
14.2828
14.2828
14.2828
14.2828
14.2828
14.2828
14.2828
14.2829
14.2829
14.2829
14.2829
14.2829
14.2829
14.2829
14.2829
14.2829
14.2829
14.2829
14.2828
14.2828
14.2828
14.2828
14.2828
14.2828
14.2828
14.2828
14.2827
14.2827
14.2826
14.2825
14.2824
14.2822
14.2818
14.2813
14.2803
14.2794
14.2732
14.3243
14.3123
13.9741
28.7295
28.1192
25.5126
23.7023
22.3705
20.8016
19.5483
18.5045
17.6121
16.8364
16.164
15.5958
15.1366
14.7863
14.5362
14.3699
14.2678
14.2111
14.1846
14.1771
14.1807
14.1867
14.1898
14.1926
14.1961
14.2003
14.2052
14.2103
14.2156
14.2209
14.226
14.231
14.2356
14.24
14.2441
14.2479
14.2514
14.2547
14.2578
14.2609
14.2637
14.2662
14.2683
14.2702
14.2718
14.2733
14.2745
14.2755
14.2764
14.2772
14.2779
14.2785
14.2791
14.2795
14.2799
14.2802
14.2805
14.2808
14.281
14.2812
14.2813
14.2815
14.2816
14.2817
14.2818
14.2818
14.2819
14.2819
14.282
14.282
14.2821
14.2821
14.2821
14.2822
14.2822
14.2822
14.2822
14.2822
14.2822
14.2823
14.2823
14.2823
14.2823
14.2823
14.2823
14.2823
14.2823
14.2824
14.2824
14.2824
14.2824
14.2824
14.2824
14.2824
14.2824
14.2824
14.2824
14.2824
14.2824
14.2824
14.2824
14.2824
14.2824
14.2825
14.2825
14.2825
14.2825
14.2825
14.2825
14.2825
14.2825
14.2825
14.2825
14.2825
14.2825
14.2825
14.2825
14.2825
14.2825
14.2825
14.2825
14.2825
14.2825
14.2825
14.2825
14.2825
14.2825
14.2825
14.2825
14.2825
14.2825
14.2825
14.2825
14.2825
14.2825
14.2826
14.2826
14.2826
14.2826
14.2826
14.2826
14.2826
14.2826
14.2826
14.2826
14.2826
14.2826
14.2826
14.2826
14.2826
14.2826
14.2826
14.2826
14.2826
14.2826
14.2826
14.2826
14.2826
14.2826
14.2826
14.2826
14.2826
14.2826
14.2826
14.2826
14.2826
14.2826
14.2826
14.2826
14.2826
14.2826
14.2826
14.2826
14.2826
14.2826
14.2826
14.2826
14.2826
14.2826
14.2826
14.2826
14.2826
14.2826
14.2826
14.2826
14.2826
14.2826
14.2826
14.2826
14.2826
14.2826
14.2826
14.2826
14.2826
14.2826
14.2826
14.2826
14.2826
14.2826
14.2827
14.2827
14.2827
14.2827
14.2827
14.2827
14.2827
14.2827
14.2827
14.2827
14.2827
14.2827
14.2827
14.2827
14.2827
14.2827
14.2827
14.2827
14.2827
14.2827
14.2827
14.2827
14.2827
14.2827
14.2827
14.2827
14.2827
14.2827
14.2827
14.2827
14.2827
14.2827
14.2827
14.2827
14.2827
14.2827
14.2827
14.2827
14.2827
14.2827
14.2827
14.2827
14.2827
14.2827
14.2827
14.2827
14.2827
14.2827
14.2827
14.2827
14.2827
14.2827
14.2827
14.2827
14.2827
14.2827
14.2827
14.2827
14.2827
14.2827
14.2827
14.2827
14.2827
14.2827
14.2827
14.2827
14.2827
14.2827
14.2827
14.2827
14.2827
14.2827
14.2827
14.2827
14.2827
14.2827
14.2827
14.2827
14.2827
14.2827
14.2828
14.2827
14.2827
14.2827
14.2827
14.2827
14.2827
14.2827
14.2827
14.2827
14.2827
14.2827
14.2828
14.2828
14.2828
14.2828
14.2828
14.2828
14.2828
14.2827
14.2828
14.2827
14.2827
14.2827
14.2827
14.2827
14.2827
14.2827
14.2828
14.2827
14.2828
14.2827
14.2828
14.2827
14.2827
14.2827
14.2827
14.2827
14.2827
14.2827
14.2828
14.2828
14.2828
14.2828
14.2828
14.2828
14.2828
14.2828
14.2827
14.2827
14.2827
14.2827
14.2827
14.2827
14.2828
14.2827
14.2828
14.2827
14.2828
14.2827
14.2827
14.2827
14.2827
14.2827
14.2827
14.2827
14.2827
14.2827
14.2827
14.2827
14.2827
14.2827
14.2827
14.2827
14.2827
14.2827
14.2827
14.2827
14.2827
14.2827
14.2827
14.2827
14.2827
14.2827
14.2827
14.2827
14.2827
14.2827
14.2827
14.2827
14.2827
14.2827
14.2827
14.2827
14.2827
14.2827
14.2827
14.2827
14.2827
14.2827
14.2827
14.2827
14.2827
14.2827
14.2827
14.2827
14.2827
14.2827
14.2827
14.2827
14.2827
14.2827
14.2827
14.2827
14.2827
14.2827
14.2827
14.2827
14.2827
14.2827
14.2827
14.2827
14.2827
14.2827
14.2827
14.2827
14.2827
14.2827
14.2827
14.2827
14.2827
14.2827
14.2827
14.2827
14.2827
14.2827
14.2827
14.2827
14.2827
14.2827
14.2827
14.2827
14.2827
14.2827
14.2827
14.2827
14.2827
14.2827
14.2827
14.2827
14.2827
14.2827
14.2827
14.2827
14.2827
14.2826
14.2827
14.2827
14.2827
14.2827
14.2827
14.2827
14.2827
14.2827
14.2827
14.2827
14.2827
14.2827
14.2827
14.2827
14.2827
14.2827
14.2827
14.2827
14.2827
14.2827
14.2827
14.2827
14.2827
14.2827
14.2828
14.2828
14.2828
14.2828
14.2828
14.2828
14.2828
14.2828
14.2829
14.2829
14.2829
14.2829
14.2829
14.2829
14.2829
14.2829
14.2829
14.2829
14.2829
14.2828
14.2828
14.2828
14.2828
14.2828
14.2828
14.2828
14.2828
14.2827
14.2827
14.2826
14.2825
14.2824
14.2822
14.2818
14.2813
14.2803
14.2794
14.2732
14.3243
14.3123
13.9742
27.6909
26.8872
24.308
22.6074
21.3634
19.8952
18.7228
17.7377
16.8842
16.1312
15.4681
14.8976
14.4259
14.0543
13.7759
13.5765
13.4388
13.3413
13.2632
13.2005
13.1518
13.1147
13.087
13.0666
13.0519
13.0414
13.0342
13.0293
13.0263
13.0246
13.0239
13.024
13.0246
13.0256
13.0269
13.0283
13.0299
13.0315
13.0331
13.035
13.0368
13.0385
13.04
13.0413
13.0426
13.0437
13.0446
13.0455
13.0462
13.0469
13.0474
13.0479
13.0483
13.0487
13.049
13.0493
13.0496
13.0498
13.05
13.0501
13.0503
13.0504
13.0505
13.0506
13.0507
13.0507
13.0508
13.0509
13.0509
13.051
13.051
13.051
13.0511
13.0511
13.0511
13.0511
13.0512
13.0512
13.0512
13.0512
13.0512
13.0512
13.0513
13.0513
13.0513
13.0513
13.0513
13.0513
13.0513
13.0513
13.0513
13.0513
13.0513
13.0513
13.0514
13.0514
13.0514
13.0514
13.0514
13.0514
13.0514
13.0514
13.0514
13.0514
13.0514
13.0514
13.0514
13.0514
13.0514
13.0514
13.0515
13.0515
13.0515
13.0515
13.0515
13.0515
13.0515
13.0515
13.0515
13.0515
13.0515
13.0515
13.0515
13.0515
13.0515
13.0515
13.0515
13.0515
13.0515
13.0515
13.0515
13.0515
13.0515
13.0515
13.0515
13.0515
13.0515
13.0515
13.0516
13.0516
13.0516
13.0516
13.0516
13.0516
13.0516
13.0516
13.0516
13.0516
13.0516
13.0516
13.0516
13.0516
13.0516
13.0516
13.0516
13.0516
13.0516
13.0516
13.0516
13.0516
13.0516
13.0516
13.0516
13.0516
13.0516
13.0516
13.0516
13.0516
13.0516
13.0516
13.0516
13.0516
13.0516
13.0516
13.0516
13.0516
13.0516
13.0516
13.0516
13.0516
13.0516
13.0516
13.0516
13.0516
13.0516
13.0516
13.0516
13.0516
13.0516
13.0516
13.0516
13.0516
13.0516
13.0516
13.0516
13.0516
13.0516
13.0516
13.0517
13.0517
13.0517
13.0517
13.0517
13.0517
13.0517
13.0517
13.0517
13.0517
13.0517
13.0517
13.0517
13.0517
13.0517
13.0517
13.0517
13.0517
13.0517
13.0517
13.0517
13.0517
13.0517
13.0517
13.0517
13.0517
13.0517
13.0517
13.0517
13.0517
13.0517
13.0517
13.0517
13.0517
13.0517
13.0517
13.0517
13.0517
13.0517
13.0517
13.0517
13.0517
13.0517
13.0517
13.0517
13.0517
13.0517
13.0517
13.0517
13.0518
13.0518
13.0518
13.0518
13.0518
13.0517
13.0517
13.0517
13.0517
13.0517
13.0517
13.0517
13.0517
13.0517
13.0517
13.0517
13.0517
13.0517
13.0517
13.0517
13.0517
13.0517
13.0517
13.0517
13.0517
13.0517
13.0517
13.0517
13.0517
13.0517
13.0518
13.0518
13.0518
13.0518
13.0517
13.0517
13.0517
13.0517
13.0517
13.0517
13.0517
13.0517
13.0518
13.0518
13.0518
13.0518
13.0518
13.0518
13.0518
13.0518
13.0518
13.0518
13.0518
13.0518
13.0518
13.0518
13.0518
13.0518
13.0518
13.0518
13.0518
13.0518
13.0518
13.0518
13.0518
13.0518
13.0518
13.0518
13.0518
13.0517
13.0518
13.0518
13.0518
13.0518
13.0518
13.0518
13.0518
13.0518
13.0518
13.0518
13.0517
13.0517
13.0517
13.0518
13.0518
13.0518
13.0518
13.0518
13.0518
13.0518
13.0518
13.0518
13.0518
13.0517
13.0517
13.0517
13.0517
13.0517
13.0517
13.0517
13.0517
13.0517
13.0517
13.0517
13.0517
13.0517
13.0517
13.0517
13.0517
13.0517
13.0517
13.0517
13.0517
13.0517
13.0517
13.0517
13.0517
13.0517
13.0517
13.0517
13.0517
13.0517
13.0517
13.0517
13.0517
13.0517
13.0517
13.0517
13.0517
13.0517
13.0517
13.0517
13.0517
13.0517
13.0517
13.0517
13.0517
13.0517
13.0517
13.0517
13.0517
13.0517
13.0517
13.0517
13.0517
13.0517
13.0517
13.0517
13.0517
13.0517
13.0517
13.0517
13.0517
13.0517
13.0517
13.0517
13.0517
13.0517
13.0517
13.0517
13.0517
13.0517
13.0517
13.0517
13.0517
13.0517
13.0517
13.0517
13.0517
13.0517
13.0517
13.0517
13.0517
13.0517
13.0517
13.0517
13.0517
13.0517
13.0517
13.0517
13.0517
13.0517
13.0517
13.0516
13.0516
13.0516
13.0516
13.0516
13.0516
13.0516
13.0517
13.0517
13.0517
13.0517
13.0517
13.0517
13.0517
13.0517
13.0517
13.0517
13.0517
13.0517
13.0517
13.0517
13.0517
13.0517
13.0517
13.0517
13.0517
13.0517
13.0517
13.0518
13.0518
13.0518
13.0518
13.0518
13.0518
13.0518
13.0519
13.0519
13.0519
13.0519
13.0519
13.0519
13.0519
13.0519
13.0519
13.0519
13.0519
13.0519
13.0519
13.0519
13.0519
13.0518
13.0518
13.0518
13.0518
13.0518
13.0518
13.0517
13.0517
13.0516
13.0514
13.0512
13.0508
13.0499
13.0483
13.0452
13.0401
13.0266
13.0462
12.9909
12.4098
25.7803
24.652
22.1496
20.676
19.62
18.3454
17.3231
16.4452
15.6637
14.955
14.3139
13.7462
13.2599
12.8579
12.5295
12.2495
12.0108
11.8103
11.6446
8.83532
8.56322
8.33298
8.14068
7.9818
7.85169
7.74595
7.66059
7.59212
7.53755
7.49433
7.46036
7.43388
7.41343
7.39782
7.38607
7.37739
7.37112
7.36676
7.36389
7.36214
7.36125
7.36102
7.36127
7.36188
7.36273
7.36374
7.36485
7.366
7.36716
7.3683
7.3694
7.37046
7.37146
7.37239
7.37325
7.37405
7.37477
7.37543
7.37603
7.37657
7.37706
7.3775
7.37789
7.37825
7.37856
7.37885
7.3791
7.37933
7.37953
7.37972
7.37988
7.38003
7.38015
7.38027
7.38037
7.38047
7.38054
7.38062
7.38068
7.38074
7.38079
7.38084
7.38089
7.38093
7.38096
7.381
7.38103
7.38107
7.38109
7.38112
7.38115
7.38117
7.38119
7.38122
7.38124
7.38126
7.38128
7.38129
7.38131
7.38132
7.38134
7.38135
7.38136
7.38138
7.38139
7.3814
7.3814
7.38141
7.38142
7.38143
7.38144
7.38145
7.38146
7.38147
7.38148
7.3815
7.38151
7.38152
7.38153
7.38154
7.38155
7.38156
7.38157
7.38158
7.38159
7.38161
7.38161
7.38162
7.38163
7.38164
7.38165
7.38166
7.38166
7.38167
7.38168
7.38169
7.3817
7.38171
7.38172
7.38174
7.38175
7.38177
7.38178
7.38179
7.3818
7.38182
7.38183
7.38184
7.38185
7.38186
7.38186
7.38187
7.38187
7.38188
7.38188
7.38188
7.38188
7.38188
7.38187
7.38188
7.38187
7.38187
7.38187
7.38187
7.38186
7.38186
7.38186
7.38187
7.38187
7.38188
7.38188
7.38189
7.38189
7.3819
7.3819
7.38191
7.38191
7.38192
7.38192
7.38192
7.38192
7.38193
7.38193
7.38193
7.38193
7.38192
7.38192
7.38192
7.38192
7.38192
7.38192
7.38193
7.38194
7.38195
7.38195
7.38196
7.38197
7.38198
7.38199
7.382
7.38201
7.38202
7.38203
7.38203
7.38204
7.38205
7.38205
7.38205
7.38204
7.38204
7.38204
7.38203
7.38203
7.38203
7.38203
7.38203
7.38203
7.38203
7.38203
7.38204
7.38204
7.38205
7.38206
7.38207
7.38208
7.38209
7.3821
7.38211
7.38212
7.38213
7.38213
7.38214
7.38214
7.38215
7.38216
7.38217
7.38217
7.38218
7.38219
7.3822
7.3822
7.38221
7.38221
7.38222
7.38222
7.38222
7.38222
7.38222
7.38222
7.38221
7.3822
7.3822
7.38218
7.38218
7.38216
7.38215
7.38214
7.38213
7.38212
7.38212
7.38211
7.38211
7.38211
7.38211
7.38211
7.38211
7.38211
7.38211
7.38211
7.38211
7.38211
7.38211
7.38212
7.38212
7.38213
7.38213
7.38214
7.38215
7.38216
7.38217
7.38218
7.38219
7.38219
7.3822
7.3822
7.38221
7.38221
7.38222
7.38223
7.38225
7.38225
7.38227
7.38227
7.38228
7.38228
7.38229
7.38229
7.38229
7.38228
7.38228
7.38227
7.38227
7.38226
7.38226
7.38225
7.38226
7.38225
7.38225
7.38224
7.38223
7.38222
7.38222
7.38221
7.3822
7.38219
7.38218
7.38217
7.38217
7.38216
7.38215
7.38215
7.38215
7.38215
7.38215
7.38215
7.38215
7.38215
7.38216
7.38216
7.38216
7.38216
7.38217
7.38217
7.38218
7.38219
7.38219
7.38219
7.38219
7.38219
7.38218
7.38217
7.38216
7.38215
7.38214
7.38213
7.38211
7.3821
7.38209
7.38207
7.38206
7.38206
7.38205
7.38204
7.38204
7.38204
7.38203
7.38203
7.38203
7.38203
7.38203
7.38203
7.38204
7.38204
7.38205
7.38205
7.38206
7.38207
7.38207
7.38208
7.38209
7.3821
7.38211
7.38211
7.38212
7.38213
7.38214
7.38214
7.38215
7.38216
7.38217
7.38218
7.38219
7.3822
7.38221
7.38221
7.38222
7.38222
7.38223
7.38223
7.38223
7.38223
7.38224
7.38223
7.38223
7.38223
7.38223
7.38222
7.38222
7.38221
7.3822
7.38219
7.38218
7.38217
7.38217
7.38216
7.38216
7.38215
7.38215
7.38215
7.38215
7.38215
7.38214
7.38214
7.38214
7.38214
7.38213
7.38213
7.38212
7.38212
7.38211
7.38209
7.38208
7.38207
7.38205
7.38204
7.38202
7.382
7.38199
7.38198
7.38197
7.38197
7.38197
7.38197
7.38197
7.38198
7.38198
7.38199
7.382
7.382
7.38201
7.38201
7.38202
7.38202
7.38202
7.38203
7.38204
7.38205
7.38206
7.38208
7.3821
7.38213
7.38215
7.38218
7.3822
7.38222
7.38224
7.38226
7.38227
7.38229
7.38231
7.38233
7.38236
7.38238
7.3824
7.38243
7.38245
7.38247
7.38249
7.38251
7.38253
7.38255
7.38256
7.38257
7.38257
7.38257
7.38257
7.38256
7.38254
7.38252
7.3825
7.38247
7.38245
7.38242
7.38238
7.38232
7.38224
7.38211
7.38191
7.38161
7.38111
7.38022
7.37845
7.37472
7.36663
7.34908
7.31157
7.21782
7.07032
6.8974
6.1981
25.7803
24.652
22.1496
20.676
19.62
18.3454
17.3231
16.4452
15.6637
14.955
14.3139
13.7462
13.2599
12.8579
12.5295
12.2495
12.0108
11.8103
11.6446
8.83532
8.56322
8.33299
8.14068
7.9818
7.85169
7.74595
7.66059
7.59212
7.53755
7.49433
7.46036
7.43388
7.41343
7.39782
7.38607
7.37739
7.37112
7.36676
7.36389
7.36214
7.36125
7.36102
7.36127
7.36188
7.36273
7.36374
7.36485
7.366
7.36716
7.3683
7.36941
7.37046
7.37146
7.37239
7.37325
7.37405
7.37477
7.37543
7.37603
7.37657
7.37706
7.3775
7.37789
7.37825
7.37857
7.37885
7.3791
7.37933
7.37954
7.37972
7.37988
7.38003
7.38015
7.38027
7.38037
7.38047
7.38055
7.38062
7.38068
7.38074
7.38079
7.38085
7.38089
7.38093
7.38097
7.381
7.38103
7.38107
7.3811
7.38113
7.38115
7.38117
7.3812
7.38122
7.38124
7.38126
7.38128
7.3813
7.38131
7.38133
7.38134
7.38135
7.38137
7.38138
7.38139
7.3814
7.38141
7.38141
7.38142
7.38143
7.38144
7.38145
7.38146
7.38147
7.38148
7.3815
7.38151
7.38152
7.38153
7.38154
7.38155
7.38156
7.38157
7.38158
7.38159
7.3816
7.38161
7.38162
7.38163
7.38164
7.38165
7.38166
7.38166
7.38167
7.38168
7.38169
7.3817
7.38171
7.38172
7.38174
7.38175
7.38176
7.38178
7.38179
7.3818
7.38182
7.38183
7.38184
7.38185
7.38186
7.38186
7.38187
7.38187
7.38187
7.38187
7.38187
7.38187
7.38187
7.38187
7.38187
7.38187
7.38187
7.38186
7.38186
7.38186
7.38186
7.38186
7.38186
7.38186
7.38187
7.38187
7.38188
7.38189
7.38189
7.3819
7.38191
7.38191
7.38192
7.38192
7.38192
7.38192
7.38192
7.38192
7.38192
7.38192
7.38192
7.38192
7.38191
7.38191
7.38192
7.38192
7.38193
7.38193
7.38194
7.38195
7.38196
7.38197
7.38198
7.38199
7.382
7.38201
7.38202
7.38202
7.38203
7.38204
7.38204
7.38204
7.38204
7.38204
7.38204
7.38203
7.38203
7.38202
7.38202
7.38202
7.38202
7.38202
7.38202
7.38203
7.38203
7.38204
7.38205
7.38205
7.38207
7.38207
7.38209
7.38209
7.38211
7.38211
7.38212
7.38212
7.38214
7.38214
7.38215
7.38215
7.38216
7.38217
7.38218
7.38218
7.3822
7.3822
7.38221
7.38221
7.38222
7.38221
7.38222
7.38222
7.38222
7.38221
7.38221
7.3822
7.38219
7.38218
7.38217
7.38216
7.38215
7.38213
7.38213
7.38212
7.38211
7.3821
7.3821
7.3821
7.3821
7.3821
7.3821
7.38211
7.38211
7.38211
7.38211
7.38211
7.38211
7.38211
7.38211
7.38212
7.38213
7.38214
7.38215
7.38215
7.38216
7.38217
7.38218
7.38219
7.3822
7.3822
7.38221
7.38221
7.38222
7.38223
7.38225
7.38225
7.38227
7.38227
7.38228
7.38228
7.38229
7.38228
7.38229
7.38228
7.38228
7.38227
7.38227
7.38226
7.38226
7.38225
7.38225
7.38224
7.38224
7.38223
7.38223
7.38222
7.38221
7.3822
7.3822
7.38219
7.38218
7.38217
7.38216
7.38215
7.38215
7.38214
7.38214
7.38214
7.38214
7.38214
7.38215
7.38215
7.38215
7.38215
7.38216
7.38216
7.38217
7.38217
7.38218
7.38219
7.38219
7.38219
7.38219
7.38218
7.38218
7.38217
7.38216
7.38215
7.38213
7.38212
7.3821
7.38209
7.38208
7.38207
7.38206
7.38205
7.38204
7.38204
7.38203
7.38203
7.38203
7.38203
7.38203
7.38203
7.38203
7.38203
7.38203
7.38204
7.38204
7.38205
7.38206
7.38206
7.38207
7.38208
7.38209
7.3821
7.38211
7.38211
7.38212
7.38213
7.38214
7.38214
7.38215
7.38216
7.38217
7.38218
7.38219
7.3822
7.38221
7.38221
7.38222
7.38222
7.38223
7.38223
7.38223
7.38223
7.38223
7.38223
7.38223
7.38223
7.38223
7.38222
7.38221
7.38221
7.3822
7.38219
7.38218
7.38217
7.38216
7.38216
7.38215
7.38215
7.38215
7.38214
7.38214
7.38214
7.38214
7.38214
7.38214
7.38213
7.38213
7.38213
7.38212
7.38211
7.3821
7.38209
7.38208
7.38206
7.38205
7.38203
7.38201
7.382
7.38199
7.38198
7.38197
7.38197
7.38196
7.38197
7.38197
7.38198
7.38198
7.38199
7.38199
7.382
7.38201
7.38201
7.38202
7.38202
7.38202
7.38203
7.38204
7.38205
7.38206
7.38208
7.3821
7.38212
7.38215
7.38217
7.3822
7.38222
7.38224
7.38226
7.38227
7.38229
7.38231
7.38233
7.38235
7.38238
7.3824
7.38242
7.38245
7.38247
7.38249
7.38251
7.38253
7.38255
7.38256
7.38257
7.38257
7.38257
7.38257
7.38255
7.38254
7.38252
7.38249
7.38247
7.38244
7.38241
7.38237
7.38232
7.38223
7.3821
7.3819
7.38161
7.38111
7.38023
7.37846
7.37474
7.36666
7.34911
7.3116
7.21786
7.07036
6.89744
6.19814
27.6909
26.8872
24.308
22.6074
21.3634
19.8952
18.7228
17.7377
16.8842
16.1312
15.4681
14.8976
14.4259
14.0543
13.7759
13.5765
13.4388
13.3413
13.2632
13.2006
13.1518
13.1147
13.087
13.0666
13.0519
13.0414
13.0342
13.0293
13.0263
13.0246
13.0239
13.024
13.0246
13.0256
13.0269
13.0283
13.0299
13.0315
13.0331
13.035
13.0369
13.0385
13.04
13.0413
13.0426
13.0437
13.0446
13.0455
13.0462
13.0469
13.0474
13.0479
13.0483
13.0487
13.049
13.0493
13.0496
13.0498
13.05
13.0501
13.0503
13.0504
13.0505
13.0506
13.0507
13.0507
13.0508
13.0509
13.0509
13.051
13.051
13.051
13.0511
13.0511
13.0511
13.0512
13.0512
13.0512
13.0512
13.0512
13.0512
13.0512
13.0513
13.0513
13.0513
13.0513
13.0513
13.0513
13.0513
13.0513
13.0513
13.0513
13.0513
13.0513
13.0514
13.0514
13.0514
13.0514
13.0514
13.0514
13.0514
13.0514
13.0514
13.0514
13.0514
13.0514
13.0514
13.0514
13.0514
13.0514
13.0515
13.0515
13.0515
13.0515
13.0515
13.0515
13.0515
13.0515
13.0515
13.0515
13.0515
13.0515
13.0515
13.0515
13.0515
13.0515
13.0515
13.0515
13.0515
13.0515
13.0515
13.0515
13.0515
13.0515
13.0515
13.0515
13.0515
13.0516
13.0516
13.0516
13.0516
13.0516
13.0516
13.0516
13.0516
13.0516
13.0516
13.0516
13.0516
13.0516
13.0516
13.0516
13.0516
13.0516
13.0516
13.0516
13.0516
13.0516
13.0516
13.0516
13.0516
13.0516
13.0516
13.0516
13.0516
13.0516
13.0516
13.0516
13.0516
13.0516
13.0516
13.0516
13.0516
13.0516
13.0516
13.0516
13.0516
13.0516
13.0516
13.0516
13.0516
13.0516
13.0516
13.0516
13.0516
13.0516
13.0516
13.0516
13.0516
13.0516
13.0516
13.0516
13.0516
13.0516
13.0516
13.0516
13.0516
13.0516
13.0516
13.0517
13.0517
13.0517
13.0517
13.0517
13.0517
13.0517
13.0517
13.0517
13.0517
13.0517
13.0517
13.0517
13.0517
13.0517
13.0517
13.0517
13.0517
13.0517
13.0517
13.0517
13.0517
13.0517
13.0517
13.0517
13.0517
13.0517
13.0517
13.0517
13.0517
13.0517
13.0517
13.0517
13.0517
13.0517
13.0517
13.0517
13.0517
13.0517
13.0517
13.0517
13.0517
13.0517
13.0517
13.0517
13.0517
13.0517
13.0517
13.0518
13.0518
13.0518
13.0518
13.0518
13.0517
13.0517
13.0517
13.0517
13.0517
13.0517
13.0517
13.0517
13.0517
13.0517
13.0517
13.0517
13.0517
13.0517
13.0517
13.0517
13.0517
13.0517
13.0517
13.0517
13.0517
13.0517
13.0517
13.0517
13.0517
13.0518
13.0518
13.0518
13.0517
13.0517
13.0517
13.0517
13.0517
13.0517
13.0517
13.0517
13.0517
13.0517
13.0518
13.0518
13.0518
13.0518
13.0518
13.0518
13.0518
13.0518
13.0518
13.0518
13.0518
13.0518
13.0518
13.0518
13.0518
13.0518
13.0518
13.0518
13.0518
13.0518
13.0518
13.0518
13.0518
13.0518
13.0518
13.0518
13.0518
13.0518
13.0518
13.0518
13.0518
13.0518
13.0518
13.0518
13.0518
13.0518
13.0518
13.0517
13.0517
13.0517
13.0518
13.0518
13.0518
13.0518
13.0518
13.0518
13.0518
13.0518
13.0518
13.0518
13.0517
13.0517
13.0517
13.0517
13.0517
13.0517
13.0517
13.0517
13.0517
13.0517
13.0517
13.0517
13.0517
13.0517
13.0517
13.0517
13.0517
13.0517
13.0517
13.0517
13.0517
13.0517
13.0517
13.0517
13.0517
13.0517
13.0517
13.0517
13.0517
13.0517
13.0517
13.0517
13.0517
13.0517
13.0517
13.0517
13.0517
13.0517
13.0517
13.0517
13.0517
13.0517
13.0517
13.0517
13.0517
13.0517
13.0517
13.0517
13.0517
13.0517
13.0517
13.0517
13.0517
13.0517
13.0517
13.0517
13.0517
13.0517
13.0517
13.0517
13.0517
13.0517
13.0517
13.0517
13.0517
13.0517
13.0517
13.0517
13.0517
13.0517
13.0517
13.0517
13.0517
13.0517
13.0517
13.0517
13.0517
13.0517
13.0517
13.0517
13.0517
13.0517
13.0517
13.0517
13.0517
13.0517
13.0517
13.0517
13.0517
13.0517
13.0516
13.0516
13.0516
13.0516
13.0516
13.0516
13.0516
13.0517
13.0517
13.0517
13.0517
13.0517
13.0517
13.0517
13.0517
13.0517
13.0517
13.0517
13.0517
13.0517
13.0517
13.0517
13.0517
13.0517
13.0517
13.0517
13.0517
13.0517
13.0518
13.0518
13.0518
13.0518
13.0518
13.0518
13.0518
13.0519
13.0519
13.0519
13.0519
13.0519
13.0519
13.0519
13.0519
13.0519
13.0519
13.0519
13.0519
13.0519
13.0519
13.0518
13.0518
13.0518
13.0518
13.0518
13.0518
13.0518
13.0517
13.0517
13.0516
13.0515
13.0512
13.0508
13.05
13.0484
13.0452
13.0402
13.0266
13.0463
12.991
12.4099
28.7295
28.1192
25.5126
23.7023
22.3705
20.8016
19.5483
18.5045
17.6121
16.8364
16.164
15.5958
15.1366
14.7863
14.5362
14.3699
14.2678
14.2111
14.1846
14.1771
14.1807
14.1867
14.1898
14.1926
14.1961
14.2003
14.2052
14.2103
14.2156
14.2209
14.226
14.231
14.2356
14.24
14.2441
14.2479
14.2514
14.2547
14.2578
14.2609
14.2637
14.2662
14.2684
14.2702
14.2719
14.2733
14.2745
14.2755
14.2764
14.2772
14.2779
14.2785
14.2791
14.2795
14.2799
14.2802
14.2805
14.2808
14.281
14.2812
14.2813
14.2815
14.2816
14.2817
14.2817
14.2818
14.2819
14.2819
14.282
14.282
14.2821
14.2821
14.2821
14.2822
14.2822
14.2822
14.2822
14.2822
14.2823
14.2823
14.2823
14.2823
14.2823
14.2823
14.2823
14.2823
14.2823
14.2824
14.2824
14.2824
14.2824
14.2824
14.2824
14.2824
14.2824
14.2824
14.2824
14.2824
14.2824
14.2824
14.2824
14.2824
14.2824
14.2825
14.2825
14.2825
14.2825
14.2825
14.2825
14.2825
14.2825
14.2825
14.2825
14.2825
14.2825
14.2825
14.2825
14.2825
14.2825
14.2825
14.2825
14.2825
14.2825
14.2825
14.2825
14.2825
14.2825
14.2825
14.2825
14.2825
14.2825
14.2826
14.2825
14.2826
14.2826
14.2826
14.2826
14.2826
14.2826
14.2826
14.2826
14.2826
14.2826
14.2826
14.2826
14.2826
14.2826
14.2826
14.2826
14.2826
14.2826
14.2826
14.2826
14.2826
14.2826
14.2826
14.2826
14.2826
14.2826
14.2826
14.2826
14.2826
14.2826
14.2826
14.2826
14.2826
14.2826
14.2826
14.2826
14.2826
14.2826
14.2827
14.2826
14.2826
14.2826
14.2826
14.2826
14.2826
14.2826
14.2827
14.2826
14.2827
14.2826
14.2827
14.2826
14.2826
14.2826
14.2826
14.2826
14.2826
14.2826
14.2826
14.2826
14.2827
14.2827
14.2827
14.2826
14.2826
14.2826
14.2827
14.2827
14.2827
14.2827
14.2827
14.2827
14.2827
14.2827
14.2827
14.2827
14.2827
14.2827
14.2827
14.2827
14.2827
14.2827
14.2827
14.2827
14.2827
14.2827
14.2827
14.2827
14.2827
14.2827
14.2827
14.2827
14.2827
14.2827
14.2827
14.2827
14.2827
14.2827
14.2827
14.2827
14.2827
14.2827
14.2827
14.2827
14.2827
14.2827
14.2827
14.2827
14.2827
14.2827
14.2827
14.2827
14.2827
14.2827
14.2827
14.2827
14.2828
14.2827
14.2828
14.2827
14.2827
14.2827
14.2827
14.2827
14.2827
14.2827
14.2827
14.2827
14.2827
14.2827
14.2827
14.2827
14.2827
14.2827
14.2827
14.2827
14.2827
14.2827
14.2827
14.2827
14.2827
14.2827
14.2827
14.2827
14.2828
14.2828
14.2828
14.2827
14.2827
14.2827
14.2827
14.2827
14.2827
14.2827
14.2827
14.2827
14.2827
14.2827
14.2827
14.2827
14.2828
14.2827
14.2828
14.2827
14.2828
14.2827
14.2828
14.2827
14.2828
14.2827
14.2828
14.2827
14.2828
14.2828
14.2828
14.2828
14.2828
14.2828
14.2828
14.2827
14.2828
14.2827
14.2828
14.2828
14.2828
14.2828
14.2828
14.2828
14.2828
14.2828
14.2828
14.2828
14.2828
14.2828
14.2828
14.2827
14.2827
14.2828
14.2828
14.2828
14.2828
14.2828
14.2828
14.2828
14.2828
14.2828
14.2828
14.2827
14.2827
14.2827
14.2827
14.2827
14.2827
14.2827
14.2827
14.2827
14.2827
14.2827
14.2827
14.2827
14.2827
14.2827
14.2827
14.2827
14.2827
14.2827
14.2827
14.2827
14.2827
14.2827
14.2827
14.2827
14.2827
14.2827
14.2827
14.2827
14.2827
14.2827
14.2827
14.2827
14.2827
14.2827
14.2827
14.2827
14.2827
14.2827
14.2827
14.2827
14.2827
14.2827
14.2827
14.2827
14.2827
14.2827
14.2827
14.2827
14.2827
14.2827
14.2827
14.2827
14.2827
14.2827
14.2827
14.2827
14.2827
14.2827
14.2827
14.2827
14.2827
14.2827
14.2827
14.2827
14.2827
14.2827
14.2827
14.2827
14.2827
14.2827
14.2827
14.2827
14.2827
14.2827
14.2827
14.2827
14.2827
14.2827
14.2827
14.2827
14.2827
14.2827
14.2827
14.2827
14.2827
14.2827
14.2827
14.2827
14.2827
14.2827
14.2827
14.2826
14.2826
14.2826
14.2827
14.2826
14.2827
14.2827
14.2827
14.2827
14.2827
14.2827
14.2827
14.2827
14.2827
14.2827
14.2827
14.2827
14.2827
14.2827
14.2827
14.2827
14.2827
14.2827
14.2827
14.2827
14.2827
14.2827
14.2828
14.2828
14.2828
14.2828
14.2828
14.2828
14.2828
14.2828
14.2829
14.2829
14.2829
14.2829
14.2829
14.2829
14.2829
14.2829
14.2829
14.2828
14.2828
14.2828
14.2828
14.2828
14.2828
14.2828
14.2828
14.2828
14.2827
14.2827
14.2827
14.2826
14.2825
14.2824
14.2822
14.2819
14.2813
14.2803
14.2795
14.2732
14.3244
14.3124
13.9743
28.7295
28.1192
25.5126
23.7023
22.3705
20.8016
19.5483
18.5045
17.6121
16.8364
16.164
15.5958
15.1366
14.7863
14.5362
14.3699
14.2678
14.2111
14.1846
14.1771
14.1807
14.1867
14.1898
14.1926
14.1961
14.2003
14.2052
14.2103
14.2156
14.2209
14.226
14.231
14.2356
14.24
14.2441
14.2479
14.2514
14.2547
14.2578
14.2609
14.2637
14.2662
14.2684
14.2702
14.2719
14.2733
14.2745
14.2755
14.2764
14.2772
14.2779
14.2785
14.2791
14.2795
14.2799
14.2802
14.2805
14.2808
14.281
14.2812
14.2813
14.2814
14.2816
14.2817
14.2817
14.2818
14.2819
14.2819
14.282
14.282
14.2821
14.2821
14.2821
14.2822
14.2822
14.2822
14.2822
14.2822
14.2823
14.2823
14.2823
14.2823
14.2823
14.2823
14.2823
14.2823
14.2823
14.2824
14.2824
14.2824
14.2824
14.2824
14.2824
14.2824
14.2824
14.2824
14.2824
14.2824
14.2824
14.2824
14.2824
14.2824
14.2824
14.2825
14.2825
14.2825
14.2825
14.2825
14.2825
14.2825
14.2825
14.2825
14.2825
14.2825
14.2825
14.2825
14.2825
14.2825
14.2825
14.2825
14.2825
14.2825
14.2825
14.2825
14.2825
14.2825
14.2825
14.2825
14.2825
14.2825
14.2825
14.2826
14.2826
14.2826
14.2826
14.2826
14.2826
14.2826
14.2826
14.2826
14.2826
14.2826
14.2826
14.2826
14.2826
14.2826
14.2826
14.2826
14.2826
14.2826
14.2826
14.2826
14.2826
14.2826
14.2826
14.2826
14.2826
14.2826
14.2826
14.2826
14.2826
14.2826
14.2826
14.2826
14.2826
14.2826
14.2826
14.2826
14.2826
14.2827
14.2827
14.2827
14.2826
14.2827
14.2826
14.2826
14.2826
14.2826
14.2826
14.2827
14.2827
14.2827
14.2827
14.2827
14.2826
14.2827
14.2826
14.2826
14.2826
14.2826
14.2826
14.2827
14.2827
14.2827
14.2827
14.2827
14.2826
14.2826
14.2826
14.2827
14.2827
14.2827
14.2827
14.2827
14.2827
14.2827
14.2827
14.2827
14.2827
14.2827
14.2827
14.2827
14.2827
14.2827
14.2827
14.2827
14.2827
14.2827
14.2827
14.2827
14.2827
14.2827
14.2827
14.2827
14.2827
14.2827
14.2827
14.2827
14.2827
14.2827
14.2827
14.2827
14.2827
14.2827
14.2827
14.2827
14.2827
14.2827
14.2827
14.2827
14.2827
14.2827
14.2827
14.2827
14.2827
14.2827
14.2827
14.2827
14.2827
14.2828
14.2827
14.2828
14.2827
14.2827
14.2827
14.2827
14.2827
14.2827
14.2827
14.2827
14.2827
14.2828
14.2827
14.2828
14.2827
14.2827
14.2827
14.2827
14.2827
14.2827
14.2827
14.2827
14.2827
14.2827
14.2827
14.2828
14.2828
14.2828
14.2828
14.2828
14.2828
14.2827
14.2827
14.2827
14.2827
14.2827
14.2827
14.2827
14.2827
14.2827
14.2827
14.2827
14.2827
14.2827
14.2827
14.2827
14.2827
14.2827
14.2827
14.2828
14.2827
14.2828
14.2827
14.2828
14.2828
14.2828
14.2828
14.2828
14.2828
14.2828
14.2828
14.2828
14.2827
14.2828
14.2828
14.2828
14.2828
14.2828
14.2828
14.2828
14.2828
14.2828
14.2828
14.2828
14.2828
14.2828
14.2828
14.2828
14.2827
14.2828
14.2828
14.2828
14.2828
14.2828
14.2828
14.2828
14.2828
14.2828
14.2828
14.2828
14.2828
14.2828
14.2827
14.2827
14.2827
14.2827
14.2827
14.2827
14.2827
14.2827
14.2827
14.2827
14.2827
14.2827
14.2827
14.2827
14.2827
14.2827
14.2827
14.2827
14.2827
14.2827
14.2827
14.2827
14.2827
14.2827
14.2827
14.2827
14.2827
14.2827
14.2827
14.2827
14.2827
14.2827
14.2827
14.2827
14.2827
14.2827
14.2827
14.2827
14.2827
14.2827
14.2827
14.2827
14.2827
14.2827
14.2827
14.2827
14.2827
14.2827
14.2827
14.2827
14.2827
14.2827
14.2827
14.2827
14.2827
14.2827
14.2827
14.2827
14.2827
14.2827
14.2827
14.2827
14.2827
14.2827
14.2827
14.2827
14.2827
14.2827
14.2827
14.2827
14.2827
14.2827
14.2827
14.2827
14.2827
14.2827
14.2827
14.2827
14.2827
14.2827
14.2827
14.2827
14.2827
14.2827
14.2827
14.2827
14.2827
14.2827
14.2827
14.2826
14.2826
14.2826
14.2826
14.2826
14.2826
14.2827
14.2827
14.2827
14.2827
14.2827
14.2827
14.2827
14.2827
14.2827
14.2827
14.2827
14.2827
14.2827
14.2827
14.2827
14.2827
14.2827
14.2827
14.2827
14.2827
14.2827
14.2827
14.2828
14.2828
14.2828
14.2828
14.2828
14.2828
14.2828
14.2828
14.2828
14.2829
14.2829
14.2829
14.2829
14.2829
14.2829
14.2829
14.2828
14.2828
14.2828
14.2828
14.2828
14.2828
14.2828
14.2828
14.2828
14.2828
14.2827
14.2827
14.2827
14.2826
14.2825
14.2824
14.2822
14.2819
14.2813
14.2803
14.2795
14.2733
14.3244
14.3124
13.9743
27.6909
26.8872
24.308
22.6074
21.3634
19.8952
18.7228
17.7377
16.8842
16.1312
15.4681
14.8976
14.4259
14.0543
13.7759
13.5765
13.4388
13.3413
13.2632
13.2005
13.1518
13.1147
13.087
13.0666
13.0519
13.0414
13.0342
13.0293
13.0263
13.0246
13.0239
13.024
13.0246
13.0256
13.0269
13.0283
13.0299
13.0315
13.0331
13.035
13.0368
13.0385
13.04
13.0413
13.0426
13.0437
13.0446
13.0455
13.0462
13.0469
13.0474
13.0479
13.0483
13.0487
13.049
13.0493
13.0495
13.0498
13.0499
13.0501
13.0503
13.0504
13.0505
13.0506
13.0507
13.0507
13.0508
13.0509
13.0509
13.051
13.051
13.051
13.0511
13.0511
13.0511
13.0511
13.0512
13.0512
13.0512
13.0512
13.0512
13.0512
13.0513
13.0513
13.0513
13.0513
13.0513
13.0513
13.0513
13.0513
13.0513
13.0513
13.0513
13.0513
13.0513
13.0514
13.0514
13.0514
13.0514
13.0514
13.0514
13.0514
13.0514
13.0514
13.0514
13.0514
13.0514
13.0514
13.0514
13.0515
13.0515
13.0515
13.0515
13.0515
13.0515
13.0515
13.0515
13.0515
13.0515
13.0515
13.0515
13.0515
13.0515
13.0515
13.0515
13.0515
13.0515
13.0515
13.0515
13.0515
13.0515
13.0515
13.0515
13.0515
13.0516
13.0516
13.0516
13.0516
13.0516
13.0516
13.0516
13.0516
13.0516
13.0516
13.0516
13.0516
13.0516
13.0516
13.0516
13.0516
13.0516
13.0516
13.0516
13.0516
13.0516
13.0516
13.0516
13.0516
13.0516
13.0516
13.0516
13.0516
13.0516
13.0516
13.0516
13.0516
13.0516
13.0516
13.0516
13.0516
13.0516
13.0516
13.0516
13.0516
13.0516
13.0516
13.0516
13.0516
13.0516
13.0516
13.0516
13.0516
13.0516
13.0516
13.0516
13.0516
13.0516
13.0516
13.0516
13.0516
13.0516
13.0516
13.0516
13.0516
13.0516
13.0516
13.0516
13.0516
13.0516
13.0516
13.0517
13.0517
13.0517
13.0517
13.0517
13.0517
13.0517
13.0517
13.0517
13.0517
13.0517
13.0517
13.0517
13.0517
13.0517
13.0517
13.0517
13.0517
13.0517
13.0517
13.0517
13.0517
13.0517
13.0517
13.0517
13.0517
13.0517
13.0517
13.0517
13.0517
13.0517
13.0517
13.0517
13.0517
13.0517
13.0517
13.0517
13.0517
13.0517
13.0517
13.0517
13.0517
13.0517
13.0517
13.0517
13.0517
13.0517
13.0518
13.0518
13.0518
13.0518
13.0518
13.0518
13.0518
13.0517
13.0518
13.0517
13.0517
13.0517
13.0517
13.0517
13.0517
13.0517
13.0517
13.0517
13.0517
13.0517
13.0517
13.0517
13.0517
13.0517
13.0517
13.0517
13.0517
13.0517
13.0518
13.0518
13.0518
13.0518
13.0518
13.0518
13.0517
13.0517
13.0517
13.0517
13.0517
13.0517
13.0517
13.0517
13.0517
13.0517
13.0517
13.0517
13.0517
13.0517
13.0518
13.0517
13.0518
13.0518
13.0518
13.0518
13.0518
13.0518
13.0518
13.0518
13.0518
13.0518
13.0518
13.0518
13.0518
13.0518
13.0518
13.0518
13.0518
13.0518
13.0518
13.0518
13.0518
13.0518
13.0518
13.0518
13.0518
13.0518
13.0518
13.0518
13.0518
13.0518
13.0518
13.0518
13.0518
13.0518
13.0518
13.0518
13.0518
13.0518
13.0518
13.0518
13.0518
13.0518
13.0518
13.0518
13.0518
13.0518
13.0517
13.0517
13.0517
13.0517
13.0517
13.0517
13.0517
13.0517
13.0517
13.0517
13.0517
13.0517
13.0517
13.0517
13.0517
13.0517
13.0517
13.0517
13.0517
13.0517
13.0517
13.0517
13.0517
13.0517
13.0517
13.0517
13.0517
13.0517
13.0517
13.0517
13.0517
13.0517
13.0517
13.0517
13.0517
13.0517
13.0517
13.0517
13.0517
13.0517
13.0517
13.0517
13.0517
13.0517
13.0517
13.0517
13.0517
13.0517
13.0517
13.0517
13.0517
13.0517
13.0517
13.0517
13.0517
13.0517
13.0517
13.0517
13.0517
13.0517
13.0517
13.0517
13.0517
13.0517
13.0517
13.0517
13.0517
13.0517
13.0517
13.0517
13.0517
13.0517
13.0517
13.0517
13.0517
13.0517
13.0517
13.0517
13.0517
13.0517
13.0517
13.0517
13.0517
13.0517
13.0517
13.0517
13.0516
13.0516
13.0516
13.0516
13.0516
13.0516
13.0516
13.0516
13.0516
13.0516
13.0517
13.0517
13.0517
13.0517
13.0517
13.0517
13.0517
13.0517
13.0517
13.0517
13.0517
13.0517
13.0517
13.0517
13.0517
13.0517
13.0517
13.0517
13.0517
13.0517
13.0518
13.0518
13.0518
13.0518
13.0518
13.0518
13.0518
13.0518
13.0519
13.0519
13.0519
13.0519
13.0519
13.0519
13.0519
13.0519
13.0519
13.0518
13.0518
13.0518
13.0518
13.0518
13.0518
13.0518
13.0518
13.0518
13.0517
13.0517
13.0516
13.0515
13.0514
13.0512
13.0508
13.0499
13.0483
13.0452
13.0402
13.0266
13.0463
12.9911
12.41
25.7803
24.652
22.1496
20.676
19.62
18.3454
17.3231
16.4452
15.6637
14.955
14.3139
13.7462
13.2599
12.8579
12.5295
12.2495
12.0108
11.8103
11.6446
8.83532
8.56322
8.33298
8.14068
7.9818
7.85169
7.74595
7.6606
7.59213
7.53755
7.49434
7.46036
7.43388
7.41343
7.39782
7.38607
7.37739
7.37112
7.36676
7.36388
7.36213
7.36125
7.36102
7.36127
7.36188
7.36273
7.36374
7.36485
7.366
7.36716
7.3683
7.36941
7.37047
7.37146
7.37239
7.37325
7.37404
7.37476
7.37543
7.37602
7.37656
7.37705
7.37749
7.37789
7.37824
7.37856
7.37885
7.3791
7.37933
7.37953
7.37972
7.37988
7.38002
7.38015
7.38027
7.38037
7.38047
7.38055
7.38062
7.38068
7.38075
7.3808
7.38085
7.38089
7.38093
7.38096
7.381
7.38103
7.38106
7.38108
7.38111
7.38114
7.38117
7.38119
7.38121
7.38123
7.38126
7.38127
7.3813
7.38131
7.38133
7.38134
7.38136
7.38137
7.38138
7.38138
7.38139
7.3814
7.38141
7.38142
7.38143
7.38144
7.38145
7.38146
7.38147
7.38148
7.38149
7.3815
7.38152
7.38152
7.38154
7.38154
7.38156
7.38157
7.38158
7.38159
7.38161
7.38162
7.38163
7.38163
7.38164
7.38165
7.38166
7.38166
7.38167
7.38168
7.38169
7.3817
7.38171
7.38172
7.38173
7.38174
7.38176
7.38177
7.38178
7.38179
7.38181
7.38182
7.38184
7.38185
7.38186
7.38186
7.38187
7.38187
7.38188
7.38187
7.38188
7.38187
7.38188
7.38187
7.38188
7.38187
7.38187
7.38187
7.38187
7.38186
7.38186
7.38186
7.38186
7.38187
7.38187
7.38187
7.38188
7.38188
7.38189
7.3819
7.38191
7.38191
7.38192
7.38192
7.38193
7.38193
7.38193
7.38193
7.38193
7.38192
7.38192
7.38192
7.38191
7.38191
7.38191
7.38192
7.38192
7.38193
7.38194
7.38194
7.38196
7.38196
7.38198
7.38199
7.382
7.38201
7.38202
7.38203
7.38203
7.38204
7.38204
7.38204
7.38205
7.38204
7.38204
7.38204
7.38203
7.38203
7.38202
7.38202
7.38202
7.38202
7.38202
7.38202
7.38203
7.38203
7.38205
7.38205
7.38207
7.38207
7.38209
7.38209
7.38211
7.38211
7.38212
7.38212
7.38213
7.38214
7.38214
7.38215
7.38215
7.38216
7.38217
7.38217
7.38219
7.38219
7.38221
7.38221
7.38222
7.38222
7.38222
7.38222
7.38222
7.38222
7.38222
7.3822
7.3822
7.38218
7.38218
7.38216
7.38215
7.38214
7.38213
7.38212
7.38211
7.38211
7.3821
7.3821
7.3821
7.3821
7.38211
7.38211
7.38212
7.38212
7.38212
7.38212
7.38212
7.38212
7.38213
7.38213
7.38213
7.38214
7.38214
7.38215
7.38216
7.38216
7.38217
7.38218
7.38219
7.38219
7.3822
7.38221
7.38222
7.38222
7.38224
7.38225
7.38226
7.38226
7.38228
7.38227
7.38228
7.38228
7.38228
7.38228
7.38228
7.38227
7.38227
7.38226
7.38226
7.38225
7.38225
7.38224
7.38224
7.38223
7.38223
7.38222
7.38222
7.38221
7.38221
7.3822
7.38219
7.38218
7.38217
7.38216
7.38215
7.38214
7.38214
7.38213
7.38213
7.38213
7.38214
7.38214
7.38215
7.38215
7.38216
7.38217
7.38218
7.38218
7.3822
7.3822
7.38221
7.38221
7.38221
7.3822
7.38219
7.38218
7.38216
7.38215
7.38213
7.38212
7.3821
7.38209
7.38208
7.38206
7.38206
7.38205
7.38204
7.38204
7.38203
7.38203
7.38203
7.38203
7.38203
7.38203
7.38203
7.38203
7.38203
7.38203
7.38204
7.38204
7.38205
7.38206
7.38207
7.38207
7.38208
7.38209
7.3821
7.38211
7.38212
7.38213
7.38214
7.38214
7.38215
7.38216
7.38217
7.38217
7.38218
7.38219
7.3822
7.3822
7.38221
7.38221
7.38222
7.38222
7.38223
7.38223
7.38223
7.38223
7.38223
7.38223
7.38223
7.38222
7.38221
7.3822
7.38219
7.38218
7.38217
7.38216
7.38215
7.38215
7.38215
7.38214
7.38214
7.38214
7.38214
7.38214
7.38214
7.38214
7.38214
7.38214
7.38213
7.38213
7.38212
7.38211
7.3821
7.38209
7.38208
7.38206
7.38205
7.38203
7.38201
7.382
7.38198
7.38197
7.38196
7.38196
7.38195
7.38195
7.38196
7.38196
7.38197
7.38197
7.38199
7.38199
7.382
7.38201
7.38201
7.38202
7.38202
7.38203
7.38203
7.38204
7.38205
7.38207
7.38209
7.38211
7.38214
7.38216
7.38219
7.38221
7.38223
7.38225
7.38227
7.38228
7.3823
7.38233
7.38235
7.38237
7.38239
7.38242
7.38244
7.38246
7.38248
7.38251
7.38252
7.38254
7.38255
7.38256
7.38257
7.38257
7.38256
7.38255
7.38253
7.3825
7.38248
7.38245
7.38242
7.38239
7.38235
7.3823
7.38221
7.38208
7.38188
7.38158
7.38108
7.38018
7.3784
7.37468
7.36659
7.34905
7.31155
7.21781
7.07034
6.89746
6.19821
)
;
    }
}


// ************************************************************************* //
