# Probe 0 (0 0 0.05)
# Probe 1 (0 0 0.55)
# Time        0             1            
0.0001        242.299       0.256034     
0.0002        20.4343       0.0182844    
0.0003        -14.3019      0.0049986    
0.0004        -3.40596      0.0259619    
0.0005        5.85741       0.0328864    
0.0006        1.09996       0.022151     
0.0007        1.3528        0.0178819    
0.0008        2.55757       0.0158301    
0.0009        3.27697       0.0143071    
0.001         3.46153       0.0128448    
0.0011        3.38942       0.0114651    
0.0012        3.5631        0.0105886    
0.0013        3.76308       0.00989437   
0.0014        3.86135       0.00921791   
0.0015        3.93391       0.00862642   
0.0016        4.00387       0.00812111   
0.0017        4.05544       0.00767728   
0.0018        4.0884        0.00728054   
0.0019        4.10543       0.00693465   
0.002         4.10872       0.00662148   
0.0021        4.09953       0.00634116   
0.0022        4.07939       0.00608782   
0.0023        4.05086       0.00585963   
0.0024        4.0163        0.00565319   
0.0025        3.97738       0.00546483   
0.0026        3.93546       0.00529271   
0.0027        3.89171       0.00513545   
0.0028        3.84709       0.00499065   
0.0029        3.80199       0.00485743   
0.003         3.75669       0.00473404   
0.0031        3.71206       0.00462067   
0.0032        3.66768       0.00451518   
0.0033        3.62448       0.00441782   
0.0034        3.58238       0.00432756   
0.0035        3.54158       0.00424372   
0.0036        3.50225       0.0041657    
