/*--------------------------------*- C++ -*----------------------------------*\
| =========                 |                                                 |
| \\      /  F ield         | OpenFOAM: The Open Source CFD Toolbox           |
|  \\    /   O peration     | Version:  2412                                  |
|   \\  /    A nd           | Website:  www.openfoam.com                      |
|    \\/     M anipulation  |                                                 |
\*---------------------------------------------------------------------------*/
FoamFile
{
    version     2.0;
    format      ascii;
    arch        "LSB;label=32;scalar=64";
    class       faceSet;
    location    "constant/polyMesh/sets";
    object      outputFace;
}
// * * * * * * * * * * * * * * * * * * * * * * * * * * * * * * * * * * * * * //


324
(
211994
211998
212002
212006
212010
212013
212018
212021
212024
212027
212030
212032
212036
212039
212042
212045
212048
212050
212054
212057
103514
212060
212063
103519
212066
103523
212068
103527
212072
212075
103531
212078
103534
212081
103539
212084
212086
103543
212090
103546
212093
103549
212096
103552
103554
212099
212102
103558
212104
103562
212108
103565
212111
103568
212114
103571
212117
103573
212120
103577
212122
103581
212126
103584
212129
475298
103587
212132
475301
103590
212135
475304
103592
212138
475307
212140
103596
475310
475312
212144
103600
475315
212147
103603
475318
212150
103606
475321
212153
103609
103611
475324
212156
212158
475327
103615
475329
212162
103619
475332
212165
103622
475335
212168
103625
475338
212171
103628
475341
212174
103630
475344
212176
475346
103634
212180
475349
103638
212183
475352
103641
212186
475355
103644
212189
475358
103647
212192
475361
103649
212194
475363
212197
103653
475366
212199
475369
212201
103657
212203
475372
103660
212205
212206
475375
103663
475378
103666
475380
103668
475382
475384
103672
475386
475388
103676
475390
475391
103679
103682
103685
103687
103691
103695
103698
103701
103704
103706
103710
103714
103717
103720
103723
103725
103728
103731
103733
103735
103737
103738
319922
319926
319930
319934
319938
319941
319946
319949
319952
319955
319958
319960
319964
319967
319970
319973
319976
319978
319982
319985
319988
319991
319994
319996
320000
422402
320003
422406
320006
320009
422410
320012
422414
320014
422418
320018
422421
320021
320024
422425
320027
422428
320030
422431
320032
422434
320036
422437
422439
320039
422442
320042
422445
320045
422448
320048
320050
422451
422454
320054
422456
320057
422459
320060
422462
320063
422465
320066
422468
320068
422471
320072
422473
320075
422476
320078
422479
320081
422482
320084
422485
320086
422488
422490
320090
422493
320093
422496
320096
422499
320099
422502
320102
320104
422505
422507
320108
422510
320111
422513
320114
422516
320117
422519
320120
422522
320122
422524
320125
422527
320127
320129
422530
320131
422533
320133
320134
422536
422539
422541
422544
422547
422550
422553
422556
422558
422561
422564
422567
422570
422573
422575
422578
422581
422584
422587
422590
422592
422594
422596
422598
422600
422602
422603
)


// ************************************************************************* //
