/*--------------------------------*- C++ -*----------------------------------*\
| =========                 |                                                 |
| \\      /  F ield         | OpenFOAM: The Open Source CFD Toolbox           |
|  \\    /   O peration     | Version:  2412                                  |
|   \\  /    A nd           | Website:  www.openfoam.com                      |
|    \\/     M anipulation  |                                                 |
\*---------------------------------------------------------------------------*/
FoamFile
{
    version     2.0;
    format      ascii;
    arch        "LSB;label=32;scalar=64";
    class       volScalarField;
    location    "0.0006";
    object      yPlus;
}
// * * * * * * * * * * * * * * * * * * * * * * * * * * * * * * * * * * * * * //

dimensions      [0 0 0 0 0 0 0];

internalField   uniform 0;

boundaryField
{
    inlet
    {
        type            calculated;
        value           uniform 0;
    }
    outlet
    {
        type            calculated;
        value           uniform 0;
    }
    pipe
    {
        type            calculated;
        value           nonuniform List<scalar> 
12000
(
25.8707
23.5685
21.8533
20.826
20.1789
19.6091
19.0058
18.3958
17.8233
17.2979
16.8299
16.4321
16.1117
15.8702
15.7026
15.6002
15.5545
15.5591
15.6089
15.698
15.8181
15.9589
16.1101
16.2623
16.4085
16.544
16.666
16.7736
16.867
16.947
17.0149
17.0722
17.1203
17.1605
17.1941
17.2222
17.2456
17.2651
17.2813
17.2949
17.3063
17.3159
17.324
17.3308
17.3366
17.3417
17.346
17.3497
17.3529
17.3555
17.3578
17.3598
17.3615
17.3629
17.3642
17.3653
17.3662
17.367
17.3677
17.3683
17.3689
17.3693
17.3697
17.3701
17.3704
17.3706
17.3709
17.3711
17.3712
17.3714
17.3715
17.3717
17.3718
17.3718
17.3719
17.372
17.372
17.3721
17.3721
17.3722
17.3722
17.3722
17.3723
17.3723
17.3723
17.3723
17.3723
17.3724
17.3724
17.3724
17.3724
17.3724
17.3724
17.3724
17.3724
17.3724
17.3724
17.3724
17.3724
17.3724
17.3724
17.3724
17.3724
17.3724
17.3724
17.3724
17.3724
17.3724
17.3724
17.3724
17.3724
17.3724
17.3724
17.3724
17.3724
17.3724
17.3724
17.3724
17.3724
17.3724
17.3724
17.3724
17.3724
17.3724
17.3724
17.3724
17.3724
17.3724
17.3724
17.3724
17.3724
17.3724
17.3724
17.3724
17.3724
17.3724
17.3724
17.3724
17.3724
17.3724
17.3724
17.3724
17.3724
17.3724
17.3724
17.3724
17.3724
17.3724
17.3724
17.3724
17.3724
17.3724
17.3724
17.3724
17.3724
17.3724
17.3724
17.3724
17.3724
17.3724
17.3724
17.3724
17.3724
17.3724
17.3724
17.3724
17.3724
17.3724
17.3724
17.3724
17.3724
17.3724
17.3724
17.3724
17.3724
17.3724
17.3724
17.3724
17.3724
17.3724
17.3724
17.3724
17.3724
17.3724
17.3724
17.3724
17.3724
17.3724
17.3724
17.3724
17.3724
17.3724
17.3724
17.3724
17.3724
17.3724
17.3724
17.3724
17.3724
17.3724
17.3724
17.3724
17.3724
17.3724
17.3724
17.3724
17.3724
17.3724
17.3724
17.3724
17.3724
17.3724
17.3724
17.3724
17.3724
17.3724
17.3724
17.3724
17.3724
17.3724
17.3724
17.3724
17.3724
17.3724
17.3724
17.3724
17.3724
17.3724
17.3724
17.3724
17.3724
17.3724
17.3724
17.3724
17.3724
17.3724
17.3724
17.3724
17.3724
17.3724
17.3724
17.3724
17.3724
17.3724
17.3724
17.3724
17.3724
17.3724
17.3724
17.3724
17.3724
17.3724
17.3724
17.3724
17.3724
17.3724
17.3724
17.3724
17.3724
17.3724
17.3724
17.3724
17.3724
17.3724
17.3724
17.3724
17.3724
17.3724
17.3724
17.3724
17.3724
17.3724
17.3724
17.3724
17.3724
17.3724
17.3724
17.3724
17.3724
17.3724
17.3724
17.3724
17.3724
17.3724
17.3724
17.3724
17.3724
17.3724
17.3724
17.3724
17.3724
17.3724
17.3724
17.3724
17.3724
17.3724
17.3724
17.3724
17.3724
17.3724
17.3724
17.3724
17.3724
17.3724
17.3724
17.3724
17.3724
17.3724
17.3724
17.3724
17.3724
17.3724
17.3724
17.3724
17.3724
17.3724
17.3724
17.3724
17.3724
17.3724
17.3724
17.3724
17.3724
17.3724
17.3724
17.3724
17.3724
17.3724
17.3724
17.3724
17.3724
17.3724
17.3724
17.3724
17.3724
17.3724
17.3724
17.3724
17.3724
17.3724
17.3724
17.3724
17.3724
17.3724
17.3724
17.3724
17.3724
17.3724
17.3724
17.3724
17.3724
17.3724
17.3724
17.3724
17.3724
17.3724
17.3724
17.3724
17.3724
17.3724
17.3724
17.3724
17.3724
17.3724
17.3724
17.3724
17.3724
17.3724
17.3724
17.3724
17.3724
17.3724
17.3724
17.3724
17.3724
17.3724
17.3724
17.3724
17.3724
17.3724
17.3724
17.3724
17.3724
17.3724
17.3724
17.3724
17.3724
17.3724
17.3724
17.3724
17.3724
17.3724
17.3724
17.3724
17.3724
17.3724
17.3724
17.3724
17.3724
17.3724
17.3724
17.3724
17.3724
17.3724
17.3724
17.3724
17.3724
17.3724
17.3724
17.3724
17.3724
17.3724
17.3724
17.3724
17.3724
17.3724
17.3724
17.3724
17.3724
17.3724
17.3724
17.3724
17.3724
17.3724
17.3724
17.3724
17.3724
17.3724
17.3724
17.3724
17.3724
17.3724
17.3724
17.3724
17.3724
17.3724
17.3724
17.3724
17.3724
17.3724
17.3724
17.3724
17.3724
17.3724
17.3724
17.3724
17.3724
17.3724
17.3724
17.3724
17.3724
17.3724
17.3724
17.3724
17.3724
17.3724
17.3724
17.3724
17.3724
17.3724
17.3724
17.3724
17.3724
17.3724
17.3724
17.3724
17.3724
17.3724
17.3724
17.3724
17.3724
17.3724
17.3724
17.3723
17.3723
17.3723
17.3723
17.3723
17.3723
17.3723
17.3723
17.3723
17.3723
17.3723
17.3723
17.3723
17.3723
17.3723
17.3723
17.3723
17.3723
17.3723
17.3723
17.3724
17.3725
17.373
17.3744
17.379
17.367
17.2738
27.7472
25.3151
23.457
22.3224
21.6034
20.9733
20.3209
19.6755
19.0802
18.5417
18.0676
17.6682
17.3478
17.1062
16.9378
16.8338
16.7853
16.7856
16.83
16.9136
17.0306
17.1735
17.3338
17.5028
17.6727
17.837
17.991
18.1319
18.2583
18.3699
18.4672
18.5513
18.6234
18.6849
18.737
18.7811
18.8183
18.8497
18.876
18.8982
18.9168
18.9325
18.9458
18.957
18.9665
18.9746
18.9815
18.9874
18.9924
18.9966
19.0001
19.0031
19.0056
19.0078
19.0096
19.0111
19.0124
19.0136
19.0145
19.0153
19.016
19.0166
19.0171
19.0175
19.0179
19.0182
19.0184
19.0187
19.0189
19.019
19.0192
19.0193
19.0194
19.0195
19.0196
19.0196
19.0197
19.0197
19.0198
19.0198
19.0198
19.0198
19.0199
19.0199
19.0199
19.0199
19.0199
19.0199
19.0199
19.0199
19.02
19.02
19.02
19.02
19.02
19.02
19.02
19.02
19.02
19.02
19.02
19.02
19.02
19.02
19.02
19.02
19.02
19.02
19.02
19.02
19.02
19.02
19.02
19.02
19.02
19.02
19.02
19.02
19.02
19.02
19.02
19.02
19.02
19.02
19.02
19.02
19.02
19.02
19.0199
19.0199
19.0199
19.0199
19.0199
19.0199
19.0199
19.0199
19.0199
19.0199
19.0199
19.0199
19.0199
19.0199
19.0199
19.0199
19.0199
19.0199
19.0199
19.0199
19.0199
19.0199
19.0199
19.0199
19.0199
19.0199
19.0199
19.0199
19.0199
19.0199
19.0199
19.0199
19.0199
19.0199
19.0199
19.0199
19.0199
19.0199
19.0199
19.0199
19.0199
19.0199
19.0199
19.0199
19.0199
19.0199
19.0199
19.0199
19.0199
19.0199
19.0199
19.0199
19.0199
19.0199
19.0199
19.0199
19.0199
19.0199
19.0199
19.0199
19.0199
19.0199
19.0199
19.0199
19.0199
19.0199
19.0199
19.0199
19.0199
19.0199
19.0199
19.0199
19.0199
19.0199
19.0199
19.0199
19.0199
19.0199
19.0199
19.0199
19.0199
19.0199
19.0199
19.0199
19.0199
19.0199
19.0199
19.0199
19.0199
19.0199
19.0199
19.0199
19.0199
19.0199
19.0199
19.0199
19.0199
19.0199
19.0199
19.0199
19.0199
19.0199
19.0199
19.0199
19.0199
19.0199
19.0199
19.0199
19.0199
19.0199
19.0199
19.0199
19.0199
19.0199
19.0199
19.0199
19.0199
19.0199
19.0199
19.0199
19.0199
19.0199
19.0199
19.0199
19.0199
19.0199
19.0199
19.0199
19.0199
19.0199
19.0199
19.0199
19.0199
19.0199
19.0199
19.0199
19.0199
19.0199
19.0199
19.0199
19.0199
19.0199
19.0199
19.0199
19.0199
19.0199
19.0199
19.0199
19.0199
19.0199
19.0199
19.0199
19.0199
19.0199
19.0199
19.0199
19.0199
19.0199
19.0199
19.0199
19.0199
19.0199
19.0199
19.0199
19.0199
19.0199
19.0199
19.0199
19.0199
19.0199
19.0199
19.0199
19.0199
19.0199
19.0199
19.0199
19.0199
19.0199
19.0199
19.0199
19.0199
19.0199
19.0199
19.0199
19.0199
19.0199
19.0199
19.0199
19.0199
19.0199
19.0199
19.0199
19.0199
19.0199
19.0199
19.0199
19.0199
19.0199
19.0199
19.0199
19.0199
19.0199
19.0199
19.0199
19.0199
19.0199
19.0199
19.0199
19.0199
19.0199
19.0199
19.0199
19.0199
19.0199
19.0199
19.0199
19.0199
19.0199
19.0199
19.0199
19.0199
19.0199
19.0199
19.0199
19.0199
19.0199
19.0199
19.0199
19.0199
19.0199
19.0199
19.0199
19.0199
19.0199
19.0199
19.0199
19.0199
19.0199
19.0199
19.0199
19.0199
19.0199
19.0199
19.0199
19.0199
19.0199
19.0199
19.0199
19.0199
19.0199
19.0199
19.0199
19.0199
19.0199
19.0199
19.0199
19.0199
19.0199
19.0199
19.0199
19.0199
19.0199
19.0199
19.0199
19.0199
19.0199
19.0199
19.0199
19.0199
19.0199
19.0199
19.0199
19.0199
19.0199
19.0199
19.0199
19.0199
19.0199
19.0199
19.0199
19.0199
19.0199
19.0199
19.0199
19.0199
19.0199
19.0199
19.0199
19.0199
19.0199
19.0199
19.0199
19.0199
19.0199
19.0199
19.0199
19.0199
19.0199
19.0199
19.0199
19.0199
19.0199
19.0199
19.0199
19.0199
19.0199
19.0199
19.0199
19.0199
19.0199
19.0199
19.0199
19.0199
19.0199
19.0199
19.0199
19.0199
19.0199
19.0199
19.0199
19.0199
19.0199
19.0199
19.0199
19.0199
19.0199
19.0199
19.0199
19.0199
19.0199
19.0199
19.0199
19.0199
19.0199
19.0199
19.0199
19.0199
19.0199
19.0199
19.0198
19.0198
19.0198
19.0198
19.0198
19.0198
19.0198
19.0198
19.0198
19.0198
19.0198
19.0198
19.0198
19.0198
19.0198
19.0198
19.0198
19.0198
19.0198
19.0198
19.0198
19.0198
19.0198
19.0198
19.0198
19.0197
19.0199
19.0196
19.0196
19.0191
19.0205
19.0086
18.9832
28.781
26.2791
24.3432
23.1491
22.3888
21.7245
21.0454
20.3817
19.7757
19.2329
18.7595
18.364
18.049
17.8126
17.6484
17.5471
17.4998
17.4998
17.542
17.6222
17.7356
17.8761
18.0367
18.2098
18.3879
18.5644
18.7341
18.8932
19.0393
19.171
19.2882
19.3912
19.4808
19.5583
19.6248
19.6816
19.73
19.771
19.8057
19.835
19.8597
19.8806
19.8983
19.9132
19.9259
19.9366
19.9458
19.9535
19.9601
19.9656
19.9703
19.9742
19.9775
19.9803
19.9826
19.9846
19.9862
19.9876
19.9888
19.9898
19.9906
19.9913
19.9919
19.9924
19.9928
19.9932
19.9935
19.9937
19.9939
19.9941
19.9943
19.9944
19.9945
19.9946
19.9947
19.9947
19.9948
19.9948
19.9948
19.9949
19.9949
19.9949
19.9949
19.9949
19.995
19.995
19.995
19.995
19.995
19.995
19.995
19.995
19.995
19.995
19.995
19.995
19.995
19.995
19.995
19.995
19.995
19.995
19.995
19.995
19.995
19.995
19.995
19.995
19.995
19.995
19.995
19.995
19.995
19.995
19.995
19.995
19.995
19.995
19.995
19.995
19.995
19.995
19.995
19.995
19.995
19.995
19.995
19.995
19.995
19.995
19.995
19.995
19.995
19.995
19.995
19.995
19.995
19.995
19.995
19.995
19.995
19.995
19.995
19.995
19.995
19.995
19.995
19.995
19.995
19.995
19.995
19.9949
19.9949
19.9949
19.9949
19.9949
19.9949
19.9949
19.9949
19.9949
19.9949
19.9949
19.9949
19.9949
19.9949
19.9949
19.9949
19.9949
19.9949
19.9949
19.9949
19.9949
19.9949
19.9949
19.9949
19.9949
19.9949
19.995
19.995
19.9949
19.9949
19.9949
19.9949
19.9949
19.9949
19.9949
19.9949
19.9949
19.9949
19.9949
19.9949
19.9949
19.9949
19.9949
19.9949
19.9949
19.9949
19.9949
19.9949
19.9949
19.9949
19.9949
19.9949
19.9949
19.9949
19.9949
19.9949
19.9949
19.9949
19.9949
19.9949
19.9949
19.9949
19.9949
19.9949
19.9949
19.9949
19.9949
19.9949
19.9949
19.9949
19.9949
19.9949
19.9949
19.9949
19.9949
19.9949
19.9949
19.9949
19.9949
19.9949
19.9949
19.9949
19.9949
19.9949
19.9949
19.9949
19.9949
19.9949
19.9949
19.9949
19.9949
19.9949
19.9949
19.9949
19.9949
19.9949
19.9949
19.9949
19.9949
19.9949
19.9949
19.9949
19.9949
19.9949
19.9949
19.9949
19.9949
19.9949
19.9949
19.9949
19.9949
19.9949
19.9949
19.9949
19.9949
19.9949
19.9949
19.9949
19.9949
19.9949
19.9949
19.9949
19.9949
19.9949
19.9949
19.9949
19.9949
19.9949
19.9949
19.9949
19.9949
19.9949
19.9949
19.9949
19.9949
19.9949
19.9949
19.9949
19.9949
19.9949
19.9949
19.9949
19.9949
19.9949
19.9949
19.9949
19.9949
19.9949
19.9949
19.9949
19.9949
19.9949
19.9949
19.9949
19.9949
19.9949
19.9949
19.9949
19.9949
19.9949
19.9949
19.9949
19.9949
19.9949
19.9949
19.9949
19.9949
19.9949
19.9949
19.9949
19.9949
19.9949
19.9949
19.9949
19.9949
19.9949
19.995
19.995
19.995
19.995
19.995
19.995
19.995
19.995
19.995
19.995
19.9949
19.9949
19.9949
19.9949
19.9949
19.9949
19.9949
19.9949
19.9949
19.9949
19.9949
19.9949
19.9949
19.9949
19.9949
19.9949
19.9949
19.9949
19.9949
19.9949
19.9949
19.9949
19.9949
19.9949
19.9949
19.9949
19.9949
19.9949
19.9949
19.9949
19.9949
19.9949
19.9949
19.9949
19.9949
19.9949
19.9949
19.9949
19.9949
19.9949
19.9949
19.9949
19.9949
19.9949
19.9949
19.9949
19.9949
19.9949
19.9949
19.9949
19.9949
19.9949
19.9949
19.9949
19.9949
19.9949
19.9949
19.9949
19.9949
19.9949
19.9949
19.9949
19.9949
19.9949
19.9949
19.9949
19.9949
19.9949
19.9949
19.9949
19.9949
19.9949
19.9949
19.9949
19.9949
19.9949
19.9949
19.9949
19.9949
19.9949
19.9949
19.9949
19.9949
19.9949
19.9949
19.9949
19.9949
19.9949
19.9949
19.9949
19.9949
19.9949
19.9949
19.9949
19.9949
19.9949
19.9949
19.9949
19.9949
19.9949
19.9949
19.9949
19.9949
19.9949
19.9949
19.9949
19.9949
19.9949
19.9949
19.9949
19.9949
19.9949
19.9949
19.9949
19.9949
19.9949
19.9949
19.9949
19.9949
19.9949
19.9949
19.9949
19.9949
19.9949
19.9949
19.9949
19.9949
19.9949
19.9949
19.9949
19.9948
19.9948
19.9948
19.9948
19.9948
19.9948
19.9948
19.9948
19.9948
19.9948
19.9948
19.9948
19.9948
19.9948
19.9948
19.9948
19.9948
19.9948
19.9948
19.9948
19.9948
19.9948
19.9948
19.9948
19.9948
19.9947
19.9948
19.9945
19.9942
19.9933
19.9918
19.9828
19.9795
28.781
26.2791
24.3432
23.1491
22.3888
21.7245
21.0454
20.3817
19.7757
19.2329
18.7595
18.364
18.049
17.8126
17.6484
17.5471
17.4998
17.4998
17.542
17.6222
17.7356
17.8761
18.0367
18.2098
18.3879
18.5644
18.7341
18.8932
19.0393
19.171
19.2882
19.3912
19.4808
19.5583
19.6248
19.6816
19.73
19.771
19.8057
19.835
19.8597
19.8806
19.8983
19.9132
19.9259
19.9366
19.9458
19.9535
19.9601
19.9656
19.9703
19.9742
19.9775
19.9803
19.9826
19.9846
19.9862
19.9876
19.9888
19.9898
19.9906
19.9913
19.9919
19.9924
19.9928
19.9932
19.9935
19.9937
19.9939
19.9941
19.9943
19.9944
19.9945
19.9946
19.9947
19.9947
19.9948
19.9948
19.9948
19.9949
19.9949
19.9949
19.9949
19.9949
19.995
19.995
19.995
19.995
19.995
19.995
19.995
19.995
19.995
19.995
19.995
19.995
19.995
19.995
19.995
19.995
19.995
19.995
19.995
19.995
19.995
19.995
19.995
19.995
19.995
19.995
19.995
19.995
19.995
19.995
19.995
19.995
19.995
19.995
19.995
19.995
19.995
19.995
19.995
19.995
19.995
19.995
19.995
19.995
19.995
19.995
19.995
19.995
19.995
19.995
19.995
19.995
19.995
19.995
19.995
19.995
19.995
19.995
19.995
19.995
19.995
19.995
19.995
19.995
19.995
19.995
19.995
19.9949
19.9949
19.9949
19.9949
19.9949
19.9949
19.9949
19.9949
19.9949
19.9949
19.9949
19.9949
19.9949
19.9949
19.9949
19.9949
19.9949
19.9949
19.9949
19.9949
19.9949
19.9949
19.9949
19.9949
19.9949
19.9949
19.995
19.995
19.995
19.9949
19.9949
19.9949
19.9949
19.9949
19.9949
19.9949
19.9949
19.9949
19.9949
19.9949
19.9949
19.9949
19.9949
19.9949
19.9949
19.9949
19.9949
19.9949
19.9949
19.9949
19.9949
19.9949
19.9949
19.9949
19.9949
19.9949
19.9949
19.9949
19.9949
19.9949
19.9949
19.9949
19.9949
19.9949
19.9949
19.9949
19.9949
19.9949
19.9949
19.9949
19.9949
19.9949
19.9949
19.9949
19.9949
19.9949
19.9949
19.9949
19.9949
19.9949
19.9949
19.9949
19.9949
19.9949
19.9949
19.9949
19.9949
19.9949
19.9949
19.9949
19.9949
19.9949
19.9949
19.9949
19.9949
19.9949
19.9949
19.9949
19.9949
19.9949
19.9949
19.9949
19.9949
19.9949
19.9949
19.9949
19.9949
19.9949
19.9949
19.9949
19.9949
19.9949
19.9949
19.9949
19.9949
19.9949
19.9949
19.9949
19.9949
19.9949
19.9949
19.9949
19.9949
19.9949
19.9949
19.9949
19.9949
19.9949
19.9949
19.9949
19.9949
19.9949
19.9949
19.9949
19.9949
19.9949
19.9949
19.9949
19.9949
19.9949
19.9949
19.9949
19.9949
19.9949
19.9949
19.9949
19.9949
19.9949
19.9949
19.9949
19.9949
19.9949
19.9949
19.9949
19.9949
19.9949
19.9949
19.9949
19.9949
19.9949
19.9949
19.9949
19.9949
19.9949
19.9949
19.9949
19.9949
19.9949
19.9949
19.9949
19.9949
19.9949
19.9949
19.9949
19.9949
19.9949
19.995
19.995
19.995
19.995
19.995
19.995
19.995
19.995
19.995
19.995
19.9949
19.9949
19.9949
19.9949
19.9949
19.9949
19.9949
19.9949
19.9949
19.9949
19.9949
19.9949
19.9949
19.9949
19.9949
19.9949
19.9949
19.9949
19.9949
19.9949
19.9949
19.9949
19.9949
19.9949
19.9949
19.9949
19.9949
19.9949
19.9949
19.9949
19.9949
19.9949
19.9949
19.9949
19.9949
19.9949
19.9949
19.9949
19.9949
19.9949
19.9949
19.9949
19.9949
19.9949
19.9949
19.9949
19.9949
19.9949
19.9949
19.9949
19.9949
19.9949
19.9949
19.9949
19.9949
19.9949
19.9949
19.9949
19.9949
19.9949
19.9949
19.9949
19.9949
19.9949
19.9949
19.9949
19.9949
19.9949
19.9949
19.9949
19.9949
19.9949
19.9949
19.9949
19.9949
19.9949
19.9949
19.9949
19.9949
19.9949
19.9949
19.9949
19.9949
19.9949
19.9949
19.9949
19.9949
19.9949
19.9949
19.9949
19.9949
19.9949
19.9949
19.9949
19.9949
19.9949
19.9949
19.9949
19.9949
19.9949
19.9949
19.9949
19.9949
19.9949
19.9949
19.9949
19.9949
19.9949
19.9949
19.9949
19.9949
19.9949
19.9949
19.9949
19.9949
19.9949
19.9949
19.9949
19.9949
19.9949
19.9949
19.9949
19.9949
19.9949
19.9949
19.9949
19.9949
19.9949
19.9949
19.9949
19.9948
19.9948
19.9948
19.9948
19.9948
19.9948
19.9948
19.9948
19.9948
19.9948
19.9948
19.9948
19.9948
19.9948
19.9948
19.9948
19.9948
19.9948
19.9948
19.9948
19.9948
19.9948
19.9948
19.9948
19.9948
19.9947
19.9948
19.9945
19.9942
19.9933
19.9918
19.9828
19.9795
27.7472
25.3151
23.457
22.3224
21.6034
20.9733
20.3209
19.6755
19.0802
18.5417
18.0676
17.6682
17.3478
17.1062
16.9378
16.8338
16.7853
16.7856
16.83
16.9136
17.0306
17.1735
17.3338
17.5028
17.6727
17.837
17.991
18.1319
18.2583
18.3699
18.4672
18.5513
18.6234
18.6849
18.737
18.7811
18.8183
18.8497
18.876
18.8982
18.9168
18.9325
18.9458
18.957
18.9665
18.9746
18.9815
18.9874
18.9924
18.9966
19.0001
19.0031
19.0056
19.0078
19.0096
19.0111
19.0124
19.0135
19.0145
19.0153
19.016
19.0166
19.0171
19.0175
19.0179
19.0182
19.0184
19.0187
19.0189
19.019
19.0192
19.0193
19.0194
19.0195
19.0196
19.0196
19.0197
19.0197
19.0198
19.0198
19.0198
19.0198
19.0199
19.0199
19.0199
19.0199
19.0199
19.0199
19.0199
19.0199
19.02
19.02
19.02
19.02
19.02
19.02
19.02
19.02
19.02
19.02
19.02
19.02
19.02
19.02
19.02
19.02
19.02
19.02
19.02
19.02
19.02
19.02
19.02
19.02
19.02
19.02
19.02
19.02
19.02
19.02
19.02
19.02
19.02
19.02
19.02
19.02
19.02
19.02
19.0199
19.0199
19.0199
19.0199
19.0199
19.0199
19.0199
19.0199
19.0199
19.0199
19.0199
19.0199
19.0199
19.0199
19.0199
19.0199
19.0199
19.0199
19.0199
19.0199
19.0199
19.0199
19.0199
19.0199
19.0199
19.0199
19.0199
19.0199
19.0199
19.0199
19.0199
19.0199
19.0199
19.0199
19.0199
19.0199
19.0199
19.0199
19.0199
19.0199
19.0199
19.0199
19.0199
19.0199
19.0199
19.0199
19.0199
19.0199
19.0199
19.0199
19.0199
19.0199
19.0199
19.0199
19.0199
19.0199
19.0199
19.0199
19.0199
19.0199
19.0199
19.0199
19.0199
19.0199
19.0199
19.0199
19.0199
19.0199
19.0199
19.0199
19.0199
19.0199
19.0199
19.0199
19.0199
19.0199
19.0199
19.0199
19.0199
19.0199
19.0199
19.0199
19.0199
19.0199
19.0199
19.0199
19.0199
19.0199
19.0199
19.0199
19.0199
19.0199
19.0199
19.0199
19.0199
19.0199
19.0199
19.0199
19.0199
19.0199
19.0199
19.0199
19.0199
19.0199
19.0199
19.0199
19.0199
19.0199
19.0199
19.0199
19.0199
19.0199
19.0199
19.0199
19.0199
19.0199
19.0199
19.0199
19.0199
19.0199
19.0199
19.0199
19.0199
19.0199
19.0199
19.0199
19.0199
19.0199
19.0199
19.0199
19.0199
19.0199
19.0199
19.0199
19.0199
19.0199
19.0199
19.0199
19.0199
19.0199
19.0199
19.0199
19.0199
19.0199
19.0199
19.0199
19.0199
19.0199
19.0199
19.0199
19.0199
19.0199
19.0199
19.0199
19.0199
19.0199
19.0199
19.0199
19.0199
19.0199
19.0199
19.0199
19.0199
19.0199
19.0199
19.0199
19.0199
19.0199
19.0199
19.0199
19.0199
19.0199
19.0199
19.0199
19.0199
19.0199
19.0199
19.0199
19.0199
19.0199
19.0199
19.0199
19.0199
19.0199
19.0199
19.0199
19.0199
19.0199
19.0199
19.0199
19.0199
19.0199
19.0199
19.0199
19.0199
19.0199
19.0199
19.0199
19.0199
19.0199
19.0199
19.0199
19.0199
19.0199
19.0199
19.0199
19.0199
19.0199
19.0199
19.0199
19.0199
19.0199
19.0199
19.0199
19.0199
19.0199
19.0199
19.0199
19.0199
19.0199
19.0199
19.0199
19.0199
19.0199
19.0199
19.0199
19.0199
19.0199
19.0199
19.0199
19.0199
19.0199
19.0199
19.0199
19.0199
19.0199
19.0199
19.0199
19.0199
19.0199
19.0199
19.0199
19.0199
19.0199
19.0199
19.0199
19.0199
19.0199
19.0199
19.0199
19.0199
19.0199
19.0199
19.0199
19.0199
19.0199
19.0199
19.0199
19.0199
19.0199
19.0199
19.0199
19.0199
19.0199
19.0199
19.0199
19.0199
19.0199
19.0199
19.0199
19.0199
19.0199
19.0199
19.0199
19.0199
19.0199
19.0199
19.0199
19.0199
19.0199
19.0199
19.0199
19.0199
19.0199
19.0199
19.0199
19.0199
19.0199
19.0199
19.0199
19.0199
19.0199
19.0199
19.0199
19.0199
19.0199
19.0199
19.0199
19.0199
19.0199
19.0199
19.0199
19.0199
19.0199
19.0199
19.0199
19.0199
19.0199
19.0199
19.0199
19.0199
19.0199
19.0199
19.0199
19.0199
19.0199
19.0199
19.0199
19.0199
19.0199
19.0199
19.0199
19.0199
19.0199
19.0199
19.0199
19.0199
19.0199
19.0199
19.0199
19.0199
19.0199
19.0199
19.0199
19.0199
19.0199
19.0199
19.0199
19.0199
19.0198
19.0198
19.0198
19.0198
19.0198
19.0198
19.0198
19.0198
19.0198
19.0198
19.0198
19.0198
19.0198
19.0198
19.0198
19.0198
19.0198
19.0198
19.0198
19.0198
19.0198
19.0198
19.0198
19.0198
19.0198
19.0197
19.0199
19.0196
19.0196
19.0191
19.0205
19.0085
18.9832
25.8707
23.5685
21.8533
20.826
20.1789
19.6091
19.0058
18.3958
17.8233
17.2979
16.8299
16.4321
16.1117
15.8702
15.7026
15.6002
15.5545
15.5591
15.6089
15.698
15.8181
15.9589
16.1101
16.2623
16.4085
16.544
16.666
16.7736
16.867
16.947
17.0149
17.0722
17.1203
17.1605
17.1941
17.2222
17.2456
17.2651
17.2813
17.2949
17.3063
17.3159
17.324
17.3308
17.3366
17.3417
17.346
17.3497
17.3529
17.3555
17.3578
17.3598
17.3615
17.3629
17.3642
17.3653
17.3662
17.367
17.3677
17.3683
17.3688
17.3693
17.3697
17.3701
17.3704
17.3706
17.3709
17.3711
17.3712
17.3714
17.3715
17.3717
17.3718
17.3718
17.3719
17.372
17.372
17.3721
17.3721
17.3722
17.3722
17.3722
17.3723
17.3723
17.3723
17.3723
17.3723
17.3723
17.3724
17.3724
17.3724
17.3724
17.3724
17.3724
17.3724
17.3724
17.3724
17.3724
17.3724
17.3724
17.3724
17.3724
17.3724
17.3724
17.3724
17.3724
17.3724
17.3724
17.3724
17.3724
17.3724
17.3724
17.3724
17.3724
17.3724
17.3724
17.3724
17.3724
17.3724
17.3724
17.3724
17.3724
17.3724
17.3724
17.3724
17.3724
17.3724
17.3724
17.3724
17.3724
17.3724
17.3724
17.3724
17.3724
17.3724
17.3724
17.3724
17.3724
17.3724
17.3724
17.3724
17.3724
17.3724
17.3724
17.3724
17.3724
17.3724
17.3724
17.3724
17.3724
17.3724
17.3724
17.3724
17.3724
17.3724
17.3724
17.3724
17.3724
17.3724
17.3724
17.3724
17.3724
17.3724
17.3724
17.3724
17.3724
17.3724
17.3724
17.3724
17.3724
17.3724
17.3724
17.3724
17.3724
17.3724
17.3724
17.3724
17.3724
17.3724
17.3724
17.3724
17.3724
17.3724
17.3724
17.3724
17.3724
17.3724
17.3724
17.3724
17.3724
17.3724
17.3724
17.3724
17.3724
17.3724
17.3724
17.3724
17.3724
17.3724
17.3724
17.3724
17.3724
17.3724
17.3724
17.3724
17.3724
17.3724
17.3724
17.3724
17.3724
17.3724
17.3724
17.3724
17.3724
17.3724
17.3724
17.3724
17.3724
17.3724
17.3724
17.3724
17.3724
17.3724
17.3724
17.3724
17.3724
17.3724
17.3724
17.3724
17.3724
17.3724
17.3724
17.3724
17.3724
17.3724
17.3724
17.3724
17.3724
17.3724
17.3724
17.3724
17.3724
17.3724
17.3724
17.3724
17.3724
17.3724
17.3724
17.3724
17.3724
17.3724
17.3724
17.3724
17.3724
17.3724
17.3724
17.3724
17.3724
17.3724
17.3724
17.3724
17.3724
17.3724
17.3724
17.3724
17.3724
17.3724
17.3724
17.3724
17.3724
17.3724
17.3724
17.3724
17.3724
17.3724
17.3724
17.3724
17.3724
17.3724
17.3724
17.3724
17.3724
17.3724
17.3724
17.3724
17.3724
17.3724
17.3724
17.3724
17.3724
17.3724
17.3724
17.3724
17.3724
17.3724
17.3724
17.3724
17.3724
17.3724
17.3724
17.3724
17.3724
17.3724
17.3724
17.3724
17.3724
17.3724
17.3724
17.3724
17.3724
17.3724
17.3724
17.3724
17.3724
17.3724
17.3724
17.3724
17.3724
17.3724
17.3724
17.3724
17.3724
17.3724
17.3724
17.3724
17.3724
17.3724
17.3724
17.3724
17.3724
17.3724
17.3724
17.3724
17.3724
17.3724
17.3724
17.3724
17.3724
17.3724
17.3724
17.3724
17.3724
17.3724
17.3724
17.3724
17.3724
17.3724
17.3724
17.3724
17.3724
17.3724
17.3724
17.3724
17.3724
17.3724
17.3724
17.3724
17.3724
17.3724
17.3724
17.3724
17.3724
17.3724
17.3724
17.3724
17.3724
17.3724
17.3724
17.3724
17.3724
17.3724
17.3724
17.3724
17.3724
17.3724
17.3724
17.3724
17.3724
17.3724
17.3724
17.3724
17.3724
17.3724
17.3724
17.3724
17.3724
17.3724
17.3724
17.3724
17.3724
17.3724
17.3724
17.3724
17.3724
17.3724
17.3724
17.3724
17.3724
17.3724
17.3724
17.3724
17.3724
17.3724
17.3724
17.3724
17.3724
17.3724
17.3724
17.3724
17.3724
17.3724
17.3724
17.3724
17.3724
17.3724
17.3724
17.3724
17.3724
17.3724
17.3724
17.3724
17.3724
17.3724
17.3724
17.3724
17.3724
17.3724
17.3724
17.3724
17.3724
17.3724
17.3724
17.3724
17.3724
17.3724
17.3724
17.3724
17.3724
17.3724
17.3724
17.3724
17.3724
17.3724
17.3724
17.3724
17.3724
17.3724
17.3724
17.3724
17.3724
17.3724
17.3724
17.3724
17.3724
17.3724
17.3724
17.3724
17.3724
17.3724
17.3724
17.3724
17.3724
17.3724
17.3724
17.3724
17.3724
17.3724
17.3724
17.3724
17.3724
17.3724
17.3724
17.3724
17.3723
17.3723
17.3723
17.3723
17.3723
17.3723
17.3723
17.3723
17.3723
17.3723
17.3723
17.3723
17.3723
17.3723
17.3723
17.3723
17.3723
17.3723
17.3723
17.3723
17.3724
17.3725
17.373
17.3744
17.379
17.367
17.2738
25.8707
23.5685
21.8533
20.826
20.1789
19.6091
19.0058
18.3958
17.8233
17.2979
16.8299
16.4321
16.1117
15.8702
15.7026
15.6002
15.5545
15.5591
15.6089
15.698
15.8181
15.9589
16.1101
16.2623
16.4085
16.544
16.666
16.7736
16.867
16.947
17.0149
17.0722
17.1203
17.1605
17.1941
17.2222
17.2456
17.2651
17.2813
17.2949
17.3063
17.3159
17.324
17.3308
17.3366
17.3417
17.346
17.3497
17.3529
17.3555
17.3578
17.3598
17.3615
17.3629
17.3642
17.3653
17.3662
17.367
17.3677
17.3683
17.3688
17.3693
17.3697
17.3701
17.3704
17.3706
17.3709
17.3711
17.3712
17.3714
17.3715
17.3717
17.3718
17.3718
17.3719
17.372
17.372
17.3721
17.3721
17.3722
17.3722
17.3722
17.3723
17.3723
17.3723
17.3723
17.3723
17.3723
17.3724
17.3724
17.3724
17.3724
17.3724
17.3724
17.3724
17.3724
17.3724
17.3724
17.3724
17.3724
17.3724
17.3724
17.3724
17.3724
17.3724
17.3724
17.3724
17.3724
17.3724
17.3724
17.3724
17.3724
17.3724
17.3724
17.3724
17.3724
17.3724
17.3724
17.3724
17.3724
17.3724
17.3724
17.3724
17.3724
17.3724
17.3724
17.3724
17.3724
17.3724
17.3724
17.3724
17.3724
17.3724
17.3724
17.3724
17.3724
17.3724
17.3724
17.3724
17.3724
17.3724
17.3724
17.3724
17.3724
17.3724
17.3724
17.3724
17.3724
17.3724
17.3724
17.3724
17.3724
17.3724
17.3724
17.3724
17.3724
17.3724
17.3724
17.3724
17.3724
17.3724
17.3724
17.3724
17.3724
17.3724
17.3724
17.3724
17.3724
17.3724
17.3724
17.3724
17.3724
17.3724
17.3724
17.3724
17.3724
17.3724
17.3724
17.3724
17.3724
17.3724
17.3724
17.3724
17.3724
17.3724
17.3724
17.3724
17.3724
17.3724
17.3724
17.3724
17.3724
17.3724
17.3724
17.3724
17.3724
17.3724
17.3724
17.3724
17.3724
17.3724
17.3724
17.3724
17.3724
17.3724
17.3724
17.3724
17.3724
17.3724
17.3724
17.3724
17.3724
17.3724
17.3724
17.3724
17.3724
17.3724
17.3724
17.3724
17.3724
17.3724
17.3724
17.3724
17.3724
17.3724
17.3724
17.3724
17.3724
17.3724
17.3724
17.3724
17.3724
17.3724
17.3724
17.3724
17.3724
17.3724
17.3724
17.3724
17.3724
17.3724
17.3724
17.3724
17.3724
17.3724
17.3724
17.3724
17.3724
17.3724
17.3724
17.3724
17.3724
17.3724
17.3724
17.3724
17.3724
17.3724
17.3724
17.3724
17.3724
17.3724
17.3724
17.3724
17.3724
17.3724
17.3724
17.3724
17.3724
17.3724
17.3724
17.3724
17.3724
17.3724
17.3724
17.3724
17.3724
17.3724
17.3724
17.3724
17.3724
17.3724
17.3724
17.3724
17.3724
17.3724
17.3724
17.3724
17.3724
17.3724
17.3724
17.3724
17.3724
17.3724
17.3724
17.3724
17.3724
17.3724
17.3724
17.3724
17.3724
17.3724
17.3724
17.3724
17.3724
17.3724
17.3724
17.3724
17.3724
17.3724
17.3724
17.3724
17.3724
17.3724
17.3724
17.3724
17.3724
17.3724
17.3724
17.3724
17.3724
17.3724
17.3724
17.3724
17.3724
17.3724
17.3724
17.3724
17.3724
17.3724
17.3724
17.3724
17.3724
17.3724
17.3724
17.3724
17.3724
17.3724
17.3724
17.3724
17.3724
17.3724
17.3724
17.3724
17.3724
17.3724
17.3724
17.3724
17.3724
17.3724
17.3724
17.3724
17.3724
17.3724
17.3724
17.3724
17.3724
17.3724
17.3724
17.3724
17.3724
17.3724
17.3724
17.3724
17.3724
17.3724
17.3724
17.3724
17.3724
17.3724
17.3724
17.3724
17.3724
17.3724
17.3724
17.3724
17.3724
17.3724
17.3724
17.3724
17.3724
17.3724
17.3724
17.3724
17.3724
17.3724
17.3724
17.3724
17.3724
17.3724
17.3724
17.3724
17.3724
17.3724
17.3724
17.3724
17.3724
17.3724
17.3724
17.3724
17.3724
17.3724
17.3724
17.3724
17.3724
17.3724
17.3724
17.3724
17.3724
17.3724
17.3724
17.3724
17.3724
17.3724
17.3724
17.3724
17.3724
17.3724
17.3724
17.3724
17.3724
17.3724
17.3724
17.3724
17.3724
17.3724
17.3724
17.3724
17.3724
17.3724
17.3724
17.3724
17.3724
17.3724
17.3724
17.3724
17.3724
17.3724
17.3724
17.3724
17.3724
17.3724
17.3724
17.3724
17.3724
17.3724
17.3724
17.3724
17.3724
17.3724
17.3724
17.3724
17.3724
17.3724
17.3724
17.3724
17.3724
17.3724
17.3724
17.3724
17.3724
17.3724
17.3724
17.3724
17.3724
17.3724
17.3724
17.3724
17.3724
17.3724
17.3724
17.3724
17.3724
17.3724
17.3724
17.3723
17.3723
17.3723
17.3723
17.3723
17.3723
17.3723
17.3723
17.3723
17.3723
17.3723
17.3723
17.3723
17.3723
17.3723
17.3723
17.3723
17.3723
17.3723
17.3724
17.3725
17.373
17.3744
17.379
17.367
17.2738
27.7472
25.3151
23.457
22.3224
21.6034
20.9733
20.3209
19.6755
19.0802
18.5417
18.0676
17.6682
17.3478
17.1062
16.9378
16.8338
16.7853
16.7856
16.83
16.9136
17.0306
17.1735
17.3338
17.5028
17.6727
17.837
17.991
18.1319
18.2583
18.3699
18.4672
18.5513
18.6234
18.6849
18.737
18.7811
18.8183
18.8497
18.8761
18.8982
18.9168
18.9325
18.9458
18.957
18.9665
18.9746
18.9815
18.9874
18.9924
18.9966
19.0001
19.0031
19.0056
19.0078
19.0096
19.0111
19.0124
19.0135
19.0145
19.0153
19.016
19.0166
19.0171
19.0175
19.0179
19.0182
19.0184
19.0187
19.0189
19.019
19.0192
19.0193
19.0194
19.0195
19.0196
19.0196
19.0197
19.0197
19.0198
19.0198
19.0198
19.0198
19.0199
19.0199
19.0199
19.0199
19.0199
19.0199
19.0199
19.0199
19.02
19.02
19.02
19.02
19.02
19.02
19.02
19.02
19.02
19.02
19.02
19.02
19.02
19.02
19.02
19.02
19.02
19.02
19.02
19.02
19.02
19.02
19.02
19.02
19.02
19.02
19.02
19.02
19.02
19.02
19.02
19.02
19.02
19.02
19.02
19.02
19.02
19.02
19.02
19.0199
19.0199
19.0199
19.0199
19.0199
19.0199
19.0199
19.0199
19.0199
19.0199
19.0199
19.0199
19.0199
19.0199
19.0199
19.0199
19.0199
19.0199
19.0199
19.0199
19.0199
19.0199
19.0199
19.0199
19.0199
19.0199
19.0199
19.0199
19.0199
19.0199
19.0199
19.0199
19.0199
19.0199
19.0199
19.0199
19.0199
19.0199
19.0199
19.0199
19.0199
19.0199
19.0199
19.0199
19.0199
19.0199
19.0199
19.0199
19.0199
19.0199
19.0199
19.0199
19.0199
19.0199
19.0199
19.0199
19.0199
19.0199
19.0199
19.0199
19.0199
19.0199
19.0199
19.0199
19.0199
19.0199
19.0199
19.0199
19.0199
19.0199
19.0199
19.0199
19.0199
19.0199
19.0199
19.0199
19.0199
19.0199
19.0199
19.0199
19.0199
19.0199
19.0199
19.0199
19.0199
19.0199
19.0199
19.0199
19.0199
19.0199
19.0199
19.0199
19.0199
19.0199
19.0199
19.0199
19.0199
19.0199
19.0199
19.0199
19.0199
19.0199
19.0199
19.0199
19.0199
19.0199
19.0199
19.0199
19.0199
19.0199
19.0199
19.0199
19.0199
19.0199
19.0199
19.0199
19.0199
19.0199
19.0199
19.0199
19.0199
19.0199
19.0199
19.0199
19.0199
19.0199
19.0199
19.0199
19.0199
19.0199
19.0199
19.0199
19.0199
19.0199
19.0199
19.0199
19.0199
19.0199
19.0199
19.0199
19.0199
19.0199
19.0199
19.0199
19.0199
19.0199
19.0199
19.0199
19.0199
19.0199
19.0199
19.0199
19.0199
19.0199
19.0199
19.0199
19.0199
19.0199
19.0199
19.0199
19.0199
19.0199
19.0199
19.0199
19.0199
19.0199
19.0199
19.0199
19.0199
19.0199
19.0199
19.0199
19.0199
19.0199
19.0199
19.0199
19.0199
19.0199
19.0199
19.0199
19.0199
19.0199
19.0199
19.0199
19.0199
19.0199
19.0199
19.0199
19.0199
19.0199
19.0199
19.0199
19.0199
19.0199
19.0199
19.0199
19.0199
19.0199
19.0199
19.02
19.02
19.02
19.02
19.0199
19.0199
19.0199
19.0199
19.0199
19.0199
19.0199
19.0199
19.0199
19.0199
19.0199
19.0199
19.0199
19.0199
19.0199
19.0199
19.0199
19.0199
19.0199
19.0199
19.0199
19.0199
19.0199
19.0199
19.0199
19.0199
19.0199
19.0199
19.0199
19.0199
19.0199
19.0199
19.0199
19.0199
19.0199
19.0199
19.0199
19.0199
19.0199
19.0199
19.0199
19.0199
19.0199
19.0199
19.0199
19.0199
19.0199
19.0199
19.0199
19.0199
19.0199
19.0199
19.0199
19.0199
19.0199
19.0199
19.0199
19.0199
19.0199
19.0199
19.0199
19.0199
19.0199
19.0199
19.0199
19.0199
19.0199
19.0199
19.0199
19.0199
19.0199
19.0199
19.0199
19.0199
19.0199
19.0199
19.0199
19.0199
19.0199
19.0199
19.0199
19.0199
19.0199
19.0199
19.0199
19.0199
19.0199
19.0199
19.0199
19.0199
19.0199
19.0199
19.0199
19.0199
19.0199
19.0199
19.0199
19.0199
19.0199
19.0199
19.0199
19.0199
19.0199
19.0199
19.0199
19.0199
19.0199
19.0199
19.0199
19.0199
19.0199
19.0199
19.0199
19.0199
19.0199
19.0199
19.0199
19.0199
19.0199
19.0199
19.0199
19.0199
19.0199
19.0199
19.0199
19.0199
19.0199
19.0199
19.0199
19.0199
19.0199
19.0199
19.0199
19.0199
19.0199
19.0199
19.0199
19.0199
19.0198
19.0198
19.0198
19.0198
19.0198
19.0198
19.0198
19.0198
19.0198
19.0198
19.0198
19.0198
19.0198
19.0198
19.0198
19.0198
19.0198
19.0198
19.0198
19.0198
19.0198
19.0198
19.0197
19.0199
19.0197
19.0196
19.019
19.0205
19.0085
18.9832
28.781
26.2791
24.3432
23.1491
22.3888
21.7245
21.0454
20.3817
19.7757
19.2329
18.7595
18.364
18.049
17.8126
17.6484
17.5471
17.4998
17.4998
17.542
17.6222
17.7356
17.8761
18.0367
18.2098
18.3879
18.5644
18.7341
18.8932
19.0393
19.171
19.2882
19.3912
19.4808
19.5583
19.6248
19.6816
19.73
19.771
19.8057
19.835
19.8597
19.8806
19.8983
19.9132
19.9259
19.9366
19.9458
19.9535
19.9601
19.9656
19.9703
19.9742
19.9775
19.9803
19.9826
19.9846
19.9862
19.9876
19.9888
19.9898
19.9906
19.9913
19.9919
19.9924
19.9928
19.9932
19.9935
19.9937
19.9939
19.9941
19.9943
19.9944
19.9945
19.9946
19.9947
19.9947
19.9948
19.9948
19.9948
19.9949
19.9949
19.9949
19.9949
19.9949
19.995
19.995
19.995
19.995
19.995
19.995
19.995
19.995
19.995
19.995
19.995
19.995
19.995
19.995
19.995
19.995
19.995
19.995
19.995
19.995
19.995
19.995
19.995
19.995
19.995
19.995
19.995
19.995
19.995
19.995
19.995
19.995
19.995
19.995
19.995
19.995
19.995
19.995
19.995
19.995
19.995
19.995
19.995
19.995
19.995
19.995
19.995
19.995
19.995
19.995
19.995
19.995
19.995
19.995
19.995
19.995
19.995
19.995
19.995
19.995
19.995
19.995
19.995
19.995
19.995
19.995
19.995
19.995
19.995
19.995
19.995
19.9949
19.9949
19.9949
19.9949
19.9949
19.9949
19.9949
19.9949
19.9949
19.9949
19.9949
19.9949
19.9949
19.9949
19.9949
19.9949
19.9949
19.9949
19.9949
19.995
19.995
19.995
19.995
19.995
19.995
19.995
19.9949
19.9949
19.9949
19.9949
19.9949
19.9949
19.9949
19.9949
19.9949
19.9949
19.9949
19.9949
19.9949
19.9949
19.9949
19.9949
19.9949
19.9949
19.9949
19.9949
19.9949
19.9949
19.9949
19.9949
19.9949
19.9949
19.9949
19.9949
19.9949
19.9949
19.9949
19.9949
19.9949
19.9949
19.9949
19.9949
19.9949
19.9949
19.9949
19.9949
19.9949
19.9949
19.9949
19.9949
19.9949
19.9949
19.9949
19.9949
19.9949
19.9949
19.9949
19.9949
19.9949
19.9949
19.9949
19.9949
19.9949
19.9949
19.9949
19.9949
19.9949
19.9949
19.9949
19.9949
19.9949
19.9949
19.9949
19.9949
19.9949
19.9949
19.9949
19.9949
19.9949
19.9949
19.9949
19.9949
19.9949
19.9949
19.9949
19.9949
19.9949
19.9949
19.9949
19.9949
19.9949
19.995
19.995
19.995
19.995
19.995
19.995
19.9949
19.9949
19.9949
19.9949
19.9949
19.9949
19.9949
19.9949
19.9949
19.9949
19.9949
19.9949
19.9949
19.9949
19.9949
19.9949
19.9949
19.9949
19.9949
19.9949
19.9949
19.9949
19.9949
19.9949
19.9949
19.9949
19.9949
19.9949
19.9949
19.9949
19.9949
19.9949
19.9949
19.9949
19.9949
19.9949
19.9949
19.9949
19.9949
19.9949
19.9949
19.9949
19.9949
19.9949
19.995
19.9949
19.995
19.995
19.995
19.995
19.995
19.995
19.995
19.995
19.995
19.995
19.995
19.995
19.995
19.995
19.995
19.995
19.995
19.995
19.995
19.995
19.9949
19.9949
19.9949
19.9949
19.9949
19.9949
19.9949
19.9949
19.9949
19.9949
19.9949
19.9949
19.9949
19.9949
19.9949
19.9949
19.9949
19.9949
19.9949
19.9949
19.9949
19.9949
19.9949
19.9949
19.9949
19.9949
19.9949
19.9949
19.9949
19.9949
19.9949
19.9949
19.9949
19.9949
19.9949
19.9949
19.9949
19.9949
19.9949
19.9949
19.9949
19.9949
19.9949
19.9949
19.9949
19.9949
19.9949
19.9949
19.9949
19.9949
19.9949
19.9949
19.9949
19.9949
19.9949
19.9949
19.9949
19.9949
19.9949
19.9949
19.9949
19.9949
19.9949
19.9949
19.9949
19.9949
19.9949
19.9949
19.9949
19.9949
19.9949
19.9949
19.9949
19.9949
19.9949
19.9949
19.9949
19.9949
19.9949
19.9949
19.9949
19.9949
19.9949
19.9949
19.9949
19.9949
19.9949
19.9949
19.9949
19.9949
19.9949
19.9949
19.9949
19.9949
19.9949
19.9949
19.9949
19.9949
19.9949
19.9949
19.9949
19.9949
19.9949
19.9949
19.9949
19.9949
19.9949
19.9949
19.9949
19.9949
19.9949
19.9949
19.9949
19.9949
19.9949
19.9949
19.9949
19.9949
19.9949
19.9949
19.9949
19.9949
19.9949
19.9949
19.9949
19.9949
19.9949
19.9949
19.9949
19.9949
19.9949
19.9949
19.9948
19.9948
19.9948
19.9948
19.9948
19.9948
19.9948
19.9948
19.9948
19.9948
19.9948
19.9948
19.9948
19.9948
19.9948
19.9948
19.9948
19.9948
19.9948
19.9948
19.9948
19.9948
19.9947
19.9948
19.9945
19.9942
19.9933
19.9918
19.9827
19.9794
28.781
26.2791
24.3432
23.1491
22.3888
21.7245
21.0454
20.3817
19.7757
19.2329
18.7595
18.364
18.049
17.8126
17.6484
17.5471
17.4998
17.4998
17.542
17.6222
17.7356
17.8761
18.0367
18.2098
18.3879
18.5644
18.7341
18.8932
19.0393
19.171
19.2882
19.3912
19.4808
19.5583
19.6248
19.6816
19.73
19.771
19.8057
19.835
19.8597
19.8806
19.8983
19.9132
19.9259
19.9366
19.9458
19.9535
19.9601
19.9656
19.9703
19.9742
19.9775
19.9803
19.9826
19.9846
19.9862
19.9876
19.9888
19.9898
19.9906
19.9913
19.9919
19.9924
19.9928
19.9932
19.9935
19.9937
19.9939
19.9941
19.9943
19.9944
19.9945
19.9946
19.9947
19.9947
19.9948
19.9948
19.9948
19.9949
19.9949
19.9949
19.9949
19.9949
19.995
19.995
19.995
19.995
19.995
19.995
19.995
19.995
19.995
19.995
19.995
19.995
19.995
19.995
19.995
19.995
19.995
19.995
19.995
19.995
19.995
19.995
19.995
19.995
19.995
19.995
19.995
19.995
19.995
19.995
19.995
19.995
19.995
19.995
19.995
19.995
19.995
19.995
19.995
19.995
19.995
19.995
19.995
19.995
19.995
19.995
19.995
19.995
19.995
19.995
19.995
19.995
19.995
19.995
19.995
19.995
19.995
19.995
19.995
19.995
19.995
19.995
19.995
19.995
19.995
19.995
19.995
19.995
19.995
19.995
19.995
19.995
19.995
19.995
19.995
19.995
19.995
19.995
19.995
19.995
19.995
19.9949
19.9949
19.9949
19.9949
19.9949
19.9949
19.9949
19.9949
19.9949
19.995
19.995
19.995
19.995
19.995
19.995
19.995
19.9949
19.9949
19.9949
19.9949
19.9949
19.9949
19.9949
19.9949
19.9949
19.9949
19.9949
19.9949
19.9949
19.9949
19.9949
19.9949
19.9949
19.9949
19.9949
19.9949
19.9949
19.9949
19.9949
19.9949
19.9949
19.9949
19.9949
19.9949
19.9949
19.9949
19.9949
19.9949
19.9949
19.9949
19.9949
19.9949
19.9949
19.9949
19.9949
19.9949
19.9949
19.9949
19.9949
19.9949
19.9949
19.9949
19.9949
19.9949
19.9949
19.9949
19.9949
19.9949
19.9949
19.9949
19.9949
19.9949
19.9949
19.9949
19.9949
19.9949
19.9949
19.9949
19.9949
19.9949
19.9949
19.9949
19.9949
19.9949
19.9949
19.9949
19.9949
19.9949
19.9949
19.9949
19.9949
19.9949
19.9949
19.9949
19.9949
19.9949
19.9949
19.9949
19.9949
19.995
19.995
19.995
19.995
19.995
19.995
19.995
19.995
19.995
19.995
19.9949
19.9949
19.9949
19.9949
19.9949
19.9949
19.9949
19.9949
19.9949
19.9949
19.9949
19.9949
19.9949
19.9949
19.9949
19.9949
19.9949
19.9949
19.9949
19.9949
19.9949
19.9949
19.9949
19.9949
19.9949
19.9949
19.9949
19.9949
19.9949
19.9949
19.9949
19.9949
19.9949
19.9949
19.9949
19.9949
19.9949
19.9949
19.9949
19.9949
19.995
19.995
19.995
19.995
19.995
19.995
19.995
19.995
19.995
19.995
19.995
19.995
19.995
19.995
19.995
19.995
19.995
19.995
19.995
19.995
19.995
19.995
19.995
19.995
19.995
19.9949
19.9949
19.9949
19.9949
19.9949
19.9949
19.9949
19.9949
19.9949
19.9949
19.9949
19.995
19.9949
19.995
19.9949
19.995
19.9949
19.9949
19.9949
19.9949
19.9949
19.9949
19.9949
19.9949
19.9949
19.9949
19.9949
19.9949
19.9949
19.9949
19.9949
19.9949
19.9949
19.9949
19.9949
19.9949
19.9949
19.9949
19.9949
19.9949
19.9949
19.9949
19.9949
19.9949
19.9949
19.9949
19.9949
19.9949
19.9949
19.9949
19.9949
19.9949
19.9949
19.9949
19.9949
19.9949
19.9949
19.9949
19.9949
19.9949
19.9949
19.9949
19.9949
19.9949
19.9949
19.9949
19.9949
19.9949
19.9949
19.9949
19.9949
19.9949
19.9949
19.9949
19.9949
19.9949
19.9949
19.9949
19.9949
19.9949
19.9949
19.9949
19.9949
19.9949
19.9949
19.9949
19.9949
19.9949
19.9949
19.9949
19.9949
19.9949
19.9949
19.9949
19.9949
19.9949
19.9949
19.9949
19.9949
19.9949
19.9949
19.9949
19.9949
19.9949
19.9949
19.9949
19.9949
19.9949
19.9949
19.9949
19.9949
19.9949
19.9949
19.9949
19.9949
19.9949
19.9949
19.9949
19.9949
19.9949
19.9949
19.9949
19.9949
19.9949
19.9949
19.9949
19.9949
19.9949
19.9949
19.9949
19.9949
19.9948
19.9948
19.9948
19.9948
19.9948
19.9948
19.9948
19.9948
19.9948
19.9948
19.9948
19.9948
19.9948
19.9948
19.9948
19.9948
19.9948
19.9948
19.9948
19.9948
19.9948
19.9948
19.9947
19.9948
19.9945
19.9942
19.9933
19.9918
19.9827
19.9794
27.7472
25.3151
23.457
22.3224
21.6034
20.9733
20.3209
19.6755
19.0802
18.5417
18.0676
17.6682
17.3478
17.1062
16.9378
16.8338
16.7853
16.7856
16.83
16.9136
17.0306
17.1735
17.3338
17.5028
17.6727
17.8369
17.991
18.1319
18.2583
18.3699
18.4672
18.5513
18.6234
18.6849
18.737
18.7811
18.8183
18.8497
18.876
18.8982
18.9168
18.9325
18.9458
18.957
18.9665
18.9746
18.9815
18.9874
18.9924
18.9966
19.0001
19.0031
19.0056
19.0078
19.0096
19.0111
19.0124
19.0136
19.0145
19.0153
19.016
19.0166
19.0171
19.0175
19.0179
19.0182
19.0184
19.0187
19.0189
19.019
19.0192
19.0193
19.0194
19.0195
19.0196
19.0196
19.0197
19.0197
19.0198
19.0198
19.0198
19.0198
19.0199
19.0199
19.0199
19.0199
19.0199
19.0199
19.0199
19.0199
19.02
19.02
19.02
19.02
19.02
19.02
19.02
19.02
19.02
19.02
19.02
19.02
19.02
19.02
19.02
19.02
19.02
19.02
19.02
19.02
19.02
19.02
19.02
19.02
19.02
19.02
19.02
19.02
19.02
19.02
19.02
19.02
19.02
19.02
19.02
19.02
19.02
19.02
19.02
19.02
19.02
19.02
19.02
19.0199
19.02
19.0199
19.0199
19.0199
19.02
19.0199
19.02
19.0199
19.02
19.0199
19.0199
19.0199
19.0199
19.0199
19.0199
19.0199
19.0199
19.0199
19.0199
19.0199
19.0199
19.0199
19.0199
19.0199
19.0199
19.0199
19.0199
19.0199
19.0199
19.0199
19.0199
19.0199
19.0199
19.0199
19.0199
19.0199
19.0199
19.0199
19.0199
19.0199
19.0199
19.0199
19.0199
19.0199
19.0199
19.0199
19.0199
19.0199
19.0199
19.0199
19.0199
19.0199
19.0199
19.0199
19.0199
19.0199
19.0199
19.0199
19.0199
19.0199
19.0199
19.0199
19.0199
19.0199
19.0199
19.0199
19.0199
19.0199
19.0199
19.0199
19.0199
19.0199
19.0199
19.0199
19.0199
19.0199
19.0199
19.0199
19.0199
19.0199
19.0199
19.0199
19.0199
19.0199
19.0199
19.0199
19.0199
19.0199
19.0199
19.0199
19.0199
19.0199
19.0199
19.0199
19.0199
19.0199
19.0199
19.0199
19.0199
19.0199
19.0199
19.0199
19.0199
19.0199
19.0199
19.0199
19.0199
19.0199
19.0199
19.0199
19.0199
19.0199
19.0199
19.0199
19.0199
19.0199
19.0199
19.0199
19.0199
19.0199
19.0199
19.0199
19.0199
19.0199
19.0199
19.0199
19.0199
19.0199
19.0199
19.0199
19.0199
19.0199
19.0199
19.0199
19.0199
19.0199
19.0199
19.0199
19.0199
19.0199
19.0199
19.0199
19.0199
19.0199
19.0199
19.0199
19.0199
19.0199
19.0199
19.0199
19.0199
19.0199
19.0199
19.0199
19.0199
19.0199
19.0199
19.0199
19.0199
19.0199
19.0199
19.0199
19.0199
19.0199
19.0199
19.0199
19.0199
19.0199
19.0199
19.0199
19.0199
19.0199
19.0199
19.0199
19.0199
19.0199
19.0199
19.0199
19.0199
19.0199
19.0199
19.0199
19.0199
19.0199
19.0199
19.0199
19.0199
19.0199
19.0199
19.0199
19.0199
19.0199
19.02
19.02
19.02
19.02
19.02
19.0199
19.0199
19.0199
19.0199
19.0199
19.0199
19.0199
19.0199
19.0199
19.0199
19.0199
19.0199
19.0199
19.0199
19.0199
19.0199
19.0199
19.0199
19.0199
19.0199
19.0199
19.0199
19.0199
19.0199
19.0199
19.0199
19.0199
19.0199
19.0199
19.0199
19.0199
19.0199
19.0199
19.0199
19.0199
19.0199
19.0199
19.0199
19.0199
19.0199
19.0199
19.0199
19.0199
19.0199
19.0199
19.0199
19.0199
19.0199
19.0199
19.0199
19.0199
19.0199
19.0199
19.0199
19.0199
19.0199
19.0199
19.0199
19.0199
19.0199
19.0199
19.0199
19.0199
19.0199
19.0199
19.0199
19.0199
19.0199
19.0199
19.0199
19.0199
19.0199
19.0199
19.0199
19.0199
19.0199
19.0199
19.0199
19.0199
19.0199
19.0199
19.0199
19.0199
19.0199
19.0199
19.0199
19.0199
19.0199
19.0199
19.0199
19.0199
19.0199
19.0199
19.0199
19.0199
19.0199
19.0199
19.0199
19.0199
19.0199
19.0199
19.0199
19.0199
19.0199
19.0199
19.0199
19.0199
19.0199
19.0199
19.0199
19.0199
19.0199
19.0199
19.0199
19.0199
19.0199
19.0199
19.0199
19.0199
19.0199
19.0199
19.0199
19.0199
19.0199
19.0199
19.0199
19.0199
19.0199
19.0199
19.0199
19.0199
19.0199
19.0199
19.0199
19.0199
19.0199
19.0199
19.0199
19.0199
19.0199
19.0198
19.0198
19.0198
19.0198
19.0198
19.0198
19.0198
19.0198
19.0198
19.0198
19.0198
19.0198
19.0198
19.0198
19.0198
19.0198
19.0198
19.0198
19.0198
19.0198
19.0198
19.0198
19.0199
19.0196
19.0196
19.019
19.0205
19.0085
18.9831
25.8707
23.5685
21.8533
20.826
20.1789
19.6091
19.0058
18.3958
17.8233
17.2979
16.8299
16.4321
16.1117
15.8702
15.7026
15.6002
15.5545
15.5591
15.6089
15.698
15.8181
15.9589
16.1101
16.2623
16.4085
16.544
16.666
16.7736
16.867
16.947
17.0149
17.0722
17.1203
17.1605
17.1941
17.2222
17.2456
17.2651
17.2813
17.2949
17.3063
17.3159
17.324
17.3308
17.3366
17.3417
17.346
17.3497
17.3529
17.3555
17.3578
17.3598
17.3615
17.3629
17.3642
17.3653
17.3662
17.367
17.3677
17.3683
17.3688
17.3693
17.3697
17.3701
17.3704
17.3706
17.3709
17.3711
17.3712
17.3714
17.3715
17.3717
17.3718
17.3718
17.3719
17.372
17.372
17.3721
17.3721
17.3722
17.3722
17.3722
17.3723
17.3723
17.3723
17.3723
17.3723
17.3723
17.3724
17.3724
17.3724
17.3724
17.3724
17.3724
17.3724
17.3724
17.3724
17.3724
17.3724
17.3724
17.3724
17.3724
17.3724
17.3724
17.3724
17.3724
17.3724
17.3724
17.3724
17.3724
17.3724
17.3724
17.3724
17.3724
17.3724
17.3724
17.3724
17.3724
17.3724
17.3724
17.3724
17.3724
17.3724
17.3724
17.3724
17.3724
17.3724
17.3724
17.3724
17.3724
17.3724
17.3724
17.3724
17.3724
17.3724
17.3724
17.3724
17.3724
17.3724
17.3724
17.3724
17.3724
17.3724
17.3724
17.3724
17.3724
17.3724
17.3724
17.3724
17.3724
17.3724
17.3724
17.3724
17.3724
17.3724
17.3724
17.3724
17.3724
17.3724
17.3724
17.3724
17.3724
17.3724
17.3724
17.3724
17.3724
17.3724
17.3724
17.3724
17.3724
17.3724
17.3724
17.3724
17.3724
17.3724
17.3724
17.3724
17.3724
17.3724
17.3724
17.3724
17.3724
17.3724
17.3724
17.3724
17.3724
17.3724
17.3724
17.3724
17.3724
17.3724
17.3724
17.3724
17.3724
17.3724
17.3724
17.3724
17.3724
17.3724
17.3724
17.3724
17.3724
17.3724
17.3724
17.3724
17.3724
17.3724
17.3724
17.3724
17.3724
17.3724
17.3724
17.3724
17.3724
17.3724
17.3724
17.3724
17.3724
17.3724
17.3724
17.3724
17.3724
17.3724
17.3724
17.3724
17.3724
17.3724
17.3724
17.3724
17.3724
17.3724
17.3724
17.3724
17.3724
17.3724
17.3724
17.3724
17.3724
17.3724
17.3724
17.3724
17.3724
17.3724
17.3724
17.3724
17.3724
17.3724
17.3724
17.3724
17.3724
17.3724
17.3724
17.3724
17.3724
17.3724
17.3724
17.3724
17.3724
17.3724
17.3724
17.3724
17.3724
17.3724
17.3724
17.3724
17.3724
17.3724
17.3724
17.3724
17.3724
17.3724
17.3724
17.3724
17.3724
17.3724
17.3724
17.3724
17.3724
17.3724
17.3724
17.3724
17.3724
17.3724
17.3724
17.3724
17.3724
17.3724
17.3724
17.3724
17.3724
17.3724
17.3724
17.3724
17.3724
17.3724
17.3724
17.3724
17.3724
17.3724
17.3724
17.3724
17.3724
17.3724
17.3724
17.3724
17.3724
17.3724
17.3724
17.3724
17.3724
17.3724
17.3724
17.3724
17.3724
17.3724
17.3724
17.3724
17.3724
17.3724
17.3724
17.3724
17.3724
17.3724
17.3724
17.3724
17.3724
17.3724
17.3724
17.3724
17.3724
17.3724
17.3724
17.3724
17.3724
17.3724
17.3724
17.3724
17.3724
17.3724
17.3724
17.3724
17.3724
17.3724
17.3724
17.3724
17.3724
17.3724
17.3724
17.3724
17.3724
17.3724
17.3724
17.3724
17.3724
17.3724
17.3724
17.3724
17.3724
17.3724
17.3724
17.3724
17.3724
17.3724
17.3724
17.3724
17.3724
17.3724
17.3724
17.3724
17.3724
17.3724
17.3724
17.3724
17.3724
17.3724
17.3724
17.3724
17.3724
17.3724
17.3724
17.3724
17.3724
17.3724
17.3724
17.3724
17.3724
17.3724
17.3724
17.3724
17.3724
17.3724
17.3724
17.3724
17.3724
17.3724
17.3724
17.3724
17.3724
17.3724
17.3724
17.3724
17.3724
17.3724
17.3724
17.3724
17.3724
17.3724
17.3724
17.3724
17.3724
17.3724
17.3724
17.3724
17.3724
17.3724
17.3724
17.3724
17.3724
17.3724
17.3724
17.3724
17.3724
17.3724
17.3724
17.3724
17.3724
17.3724
17.3724
17.3724
17.3724
17.3724
17.3724
17.3724
17.3724
17.3724
17.3724
17.3724
17.3724
17.3724
17.3724
17.3724
17.3724
17.3724
17.3724
17.3724
17.3724
17.3724
17.3724
17.3724
17.3724
17.3724
17.3724
17.3724
17.3724
17.3724
17.3724
17.3724
17.3724
17.3724
17.3724
17.3724
17.3724
17.3724
17.3724
17.3724
17.3724
17.3724
17.3724
17.3724
17.3724
17.3724
17.3724
17.3724
17.3724
17.3724
17.3724
17.3724
17.3723
17.3723
17.3723
17.3723
17.3723
17.3723
17.3723
17.3723
17.3723
17.3723
17.3723
17.3723
17.3723
17.3723
17.3723
17.3723
17.3725
17.3725
17.373
17.3744
17.379
17.367
17.2737
25.8707
23.5685
21.8533
20.826
20.1789
19.6092
19.0058
18.3958
17.8233
17.2979
16.8299
16.4321
16.1117
15.8702
15.7026
15.6002
15.5545
15.5591
15.6089
15.698
15.8181
15.9589
16.1101
16.2623
16.4085
16.544
16.666
16.7736
16.867
16.947
17.0149
17.0722
17.1203
17.1605
17.1941
17.2222
17.2456
17.2651
17.2813
17.2949
17.3063
17.3159
17.324
17.3308
17.3366
17.3417
17.346
17.3497
17.3529
17.3555
17.3578
17.3598
17.3615
17.3629
17.3642
17.3653
17.3662
17.367
17.3677
17.3683
17.3688
17.3693
17.3697
17.3701
17.3704
17.3706
17.3709
17.3711
17.3713
17.3714
17.3715
17.3717
17.3718
17.3718
17.3719
17.372
17.372
17.3721
17.3721
17.3722
17.3722
17.3722
17.3723
17.3723
17.3723
17.3723
17.3723
17.3723
17.3724
17.3724
17.3724
17.3724
17.3724
17.3724
17.3724
17.3724
17.3724
17.3724
17.3724
17.3724
17.3724
17.3724
17.3724
17.3724
17.3724
17.3724
17.3724
17.3724
17.3724
17.3724
17.3724
17.3724
17.3724
17.3724
17.3724
17.3724
17.3724
17.3724
17.3724
17.3724
17.3724
17.3724
17.3724
17.3724
17.3724
17.3724
17.3724
17.3724
17.3724
17.3724
17.3724
17.3724
17.3724
17.3724
17.3724
17.3724
17.3724
17.3724
17.3724
17.3724
17.3724
17.3724
17.3724
17.3724
17.3724
17.3724
17.3724
17.3724
17.3724
17.3724
17.3724
17.3724
17.3724
17.3724
17.3724
17.3724
17.3724
17.3724
17.3724
17.3724
17.3724
17.3724
17.3724
17.3724
17.3724
17.3724
17.3724
17.3724
17.3724
17.3724
17.3724
17.3724
17.3724
17.3724
17.3724
17.3724
17.3724
17.3724
17.3724
17.3724
17.3724
17.3724
17.3724
17.3724
17.3724
17.3724
17.3724
17.3724
17.3724
17.3724
17.3724
17.3724
17.3724
17.3724
17.3724
17.3724
17.3724
17.3724
17.3724
17.3724
17.3724
17.3724
17.3724
17.3724
17.3724
17.3724
17.3724
17.3724
17.3724
17.3724
17.3724
17.3724
17.3724
17.3724
17.3724
17.3724
17.3724
17.3724
17.3724
17.3724
17.3724
17.3724
17.3724
17.3724
17.3724
17.3724
17.3724
17.3724
17.3724
17.3724
17.3724
17.3724
17.3724
17.3724
17.3724
17.3724
17.3724
17.3724
17.3724
17.3724
17.3724
17.3724
17.3724
17.3724
17.3724
17.3724
17.3724
17.3724
17.3724
17.3724
17.3724
17.3724
17.3724
17.3724
17.3724
17.3724
17.3724
17.3724
17.3724
17.3724
17.3724
17.3724
17.3724
17.3724
17.3724
17.3724
17.3724
17.3724
17.3724
17.3724
17.3724
17.3724
17.3724
17.3724
17.3724
17.3724
17.3724
17.3724
17.3724
17.3724
17.3724
17.3724
17.3724
17.3724
17.3724
17.3724
17.3724
17.3724
17.3724
17.3724
17.3724
17.3724
17.3724
17.3724
17.3724
17.3724
17.3724
17.3724
17.3724
17.3724
17.3724
17.3724
17.3724
17.3724
17.3724
17.3724
17.3724
17.3724
17.3724
17.3724
17.3724
17.3724
17.3724
17.3724
17.3724
17.3724
17.3724
17.3724
17.3724
17.3724
17.3724
17.3724
17.3724
17.3724
17.3724
17.3724
17.3724
17.3724
17.3724
17.3724
17.3724
17.3724
17.3724
17.3724
17.3724
17.3724
17.3724
17.3724
17.3724
17.3724
17.3724
17.3724
17.3724
17.3724
17.3724
17.3724
17.3724
17.3724
17.3724
17.3724
17.3724
17.3724
17.3724
17.3724
17.3724
17.3724
17.3724
17.3724
17.3724
17.3724
17.3724
17.3724
17.3724
17.3724
17.3724
17.3724
17.3724
17.3724
17.3724
17.3724
17.3724
17.3724
17.3724
17.3724
17.3724
17.3724
17.3724
17.3724
17.3724
17.3724
17.3724
17.3724
17.3724
17.3724
17.3724
17.3724
17.3724
17.3724
17.3724
17.3724
17.3724
17.3724
17.3724
17.3724
17.3724
17.3724
17.3724
17.3724
17.3724
17.3724
17.3724
17.3724
17.3724
17.3724
17.3724
17.3724
17.3724
17.3724
17.3724
17.3724
17.3724
17.3724
17.3724
17.3724
17.3724
17.3724
17.3724
17.3724
17.3724
17.3724
17.3724
17.3724
17.3724
17.3724
17.3724
17.3724
17.3724
17.3724
17.3724
17.3724
17.3724
17.3724
17.3724
17.3724
17.3724
17.3724
17.3724
17.3724
17.3724
17.3724
17.3724
17.3724
17.3724
17.3724
17.3724
17.3724
17.3724
17.3724
17.3724
17.3724
17.3724
17.3724
17.3724
17.3724
17.3724
17.3724
17.3724
17.3724
17.3724
17.3724
17.3724
17.3724
17.3724
17.3724
17.3724
17.3724
17.3724
17.3724
17.3724
17.3724
17.3724
17.3724
17.3724
17.3724
17.3724
17.3724
17.3724
17.3724
17.3723
17.3723
17.3723
17.3723
17.3723
17.3723
17.3723
17.3723
17.3723
17.3723
17.3723
17.3723
17.3723
17.3723
17.3723
17.3725
17.3725
17.373
17.3744
17.379
17.367
17.2737
27.7472
25.3151
23.457
22.3224
21.6034
20.9733
20.3209
19.6755
19.0802
18.5417
18.0676
17.6682
17.3478
17.1062
16.9378
16.8338
16.7852
16.7856
16.83
16.9136
17.0306
17.1735
17.3338
17.5028
17.6727
17.8369
17.991
18.1319
18.2583
18.3699
18.4672
18.5513
18.6234
18.6849
18.737
18.7811
18.8183
18.8497
18.876
18.8982
18.9168
18.9325
18.9458
18.957
18.9665
18.9746
18.9815
18.9874
18.9924
18.9966
19.0001
19.0031
19.0056
19.0078
19.0096
19.0111
19.0124
19.0136
19.0145
19.0153
19.016
19.0166
19.0171
19.0175
19.0179
19.0182
19.0184
19.0187
19.0189
19.019
19.0192
19.0193
19.0194
19.0195
19.0196
19.0196
19.0197
19.0197
19.0198
19.0198
19.0198
19.0198
19.0199
19.0199
19.0199
19.0199
19.0199
19.0199
19.0199
19.0199
19.0199
19.0199
19.02
19.02
19.02
19.02
19.02
19.02
19.02
19.02
19.02
19.02
19.02
19.02
19.02
19.02
19.02
19.02
19.02
19.02
19.02
19.02
19.02
19.02
19.02
19.02
19.02
19.02
19.02
19.02
19.02
19.02
19.02
19.02
19.02
19.02
19.02
19.02
19.02
19.02
19.02
19.02
19.02
19.02
19.02
19.02
19.02
19.02
19.02
19.02
19.02
19.02
19.02
19.0199
19.0199
19.0199
19.0199
19.0199
19.0199
19.0199
19.0199
19.0199
19.0199
19.0199
19.0199
19.0199
19.0199
19.0199
19.0199
19.0199
19.0199
19.0199
19.0199
19.0199
19.0199
19.0199
19.0199
19.0199
19.0199
19.0199
19.0199
19.0199
19.0199
19.0199
19.0199
19.0199
19.0199
19.0199
19.0199
19.0199
19.0199
19.0199
19.0199
19.0199
19.0199
19.0199
19.0199
19.0199
19.0199
19.0199
19.0199
19.0199
19.0199
19.0199
19.0199
19.0199
19.0199
19.0199
19.0199
19.0199
19.0199
19.0199
19.0199
19.0199
19.0199
19.0199
19.0199
19.0199
19.0199
19.0199
19.0199
19.0199
19.0199
19.0199
19.0199
19.0199
19.0199
19.0199
19.0199
19.0199
19.0199
19.0199
19.0199
19.0199
19.0199
19.0199
19.0199
19.0199
19.0199
19.0199
19.0199
19.0199
19.0199
19.0199
19.0199
19.0199
19.0199
19.0199
19.0199
19.0199
19.0199
19.0199
19.0199
19.0199
19.0199
19.0199
19.0199
19.0199
19.0199
19.0199
19.0199
19.0199
19.0199
19.0199
19.0199
19.0199
19.0199
19.0199
19.0199
19.0199
19.0199
19.0199
19.0199
19.0199
19.0199
19.0199
19.0199
19.0199
19.0199
19.0199
19.0199
19.0199
19.0199
19.0199
19.0199
19.0199
19.0199
19.0199
19.0199
19.0199
19.0199
19.0199
19.0199
19.0199
19.0199
19.0199
19.0199
19.0199
19.0199
19.0199
19.0199
19.0199
19.0199
19.0199
19.0199
19.0199
19.0199
19.0199
19.0199
19.0199
19.0199
19.0199
19.0199
19.0199
19.0199
19.0199
19.0199
19.0199
19.0199
19.0199
19.0199
19.0199
19.0199
19.0199
19.0199
19.0199
19.0199
19.0199
19.0199
19.0199
19.0199
19.0199
19.02
19.02
19.02
19.02
19.02
19.02
19.02
19.02
19.02
19.0199
19.0199
19.0199
19.0199
19.0199
19.0199
19.0199
19.0199
19.0199
19.0199
19.0199
19.0199
19.0199
19.0199
19.0199
19.0199
19.0199
19.0199
19.0199
19.0199
19.0199
19.0199
19.0199
19.0199
19.0199
19.0199
19.0199
19.0199
19.0199
19.0199
19.0199
19.0199
19.0199
19.0199
19.0199
19.0199
19.0199
19.0199
19.0199
19.0199
19.0199
19.0199
19.0199
19.0199
19.0199
19.0199
19.0199
19.0199
19.0199
19.0199
19.0199
19.0199
19.0199
19.0199
19.0199
19.0199
19.0199
19.0199
19.0199
19.0199
19.0199
19.0199
19.0199
19.0199
19.0199
19.0199
19.0199
19.0199
19.0199
19.0199
19.0199
19.0199
19.0199
19.0199
19.0199
19.0199
19.0199
19.0199
19.0199
19.0199
19.0199
19.0199
19.0199
19.0199
19.0199
19.0199
19.0199
19.0199
19.0199
19.0199
19.0199
19.0199
19.0199
19.0199
19.0199
19.0199
19.0199
19.0199
19.0199
19.0199
19.0199
19.0199
19.0199
19.0199
19.0199
19.0199
19.0199
19.0199
19.0199
19.0199
19.0199
19.0199
19.0199
19.0199
19.0199
19.0199
19.0199
19.0199
19.0199
19.0199
19.0199
19.0199
19.0199
19.0199
19.0199
19.0199
19.0199
19.0199
19.0199
19.0199
19.0199
19.0199
19.0199
19.0199
19.0199
19.0199
19.0199
19.0199
19.0199
19.0199
19.0199
19.0199
19.0198
19.0198
19.0198
19.0198
19.0198
19.0198
19.0198
19.0198
19.0198
19.0198
19.0198
19.0198
19.0198
19.0198
19.0198
19.0198
19.0198
19.0198
19.0198
19.0198
19.0199
19.0197
19.0196
19.019
19.0205
19.0085
18.9831
28.781
26.2791
24.3432
23.1491
22.3888
21.7245
21.0454
20.3817
19.7757
19.2329
18.7595
18.364
18.049
17.8126
17.6484
17.5471
17.4998
17.4998
17.542
17.6222
17.7356
17.8761
18.0367
18.2098
18.3879
18.5644
18.7341
18.8932
19.0393
19.171
19.2882
19.3912
19.4808
19.5583
19.6248
19.6816
19.73
19.771
19.8057
19.835
19.8597
19.8806
19.8983
19.9132
19.9259
19.9365
19.9457
19.9535
19.9601
19.9656
19.9703
19.9742
19.9775
19.9803
19.9826
19.9846
19.9862
19.9876
19.9888
19.9898
19.9906
19.9913
19.9919
19.9924
19.9928
19.9932
19.9935
19.9937
19.9939
19.9941
19.9943
19.9944
19.9945
19.9946
19.9947
19.9947
19.9948
19.9948
19.9948
19.9949
19.9949
19.9949
19.9949
19.9949
19.995
19.995
19.995
19.995
19.995
19.995
19.995
19.995
19.995
19.995
19.995
19.995
19.995
19.995
19.995
19.995
19.995
19.995
19.995
19.995
19.995
19.995
19.995
19.995
19.995
19.995
19.995
19.995
19.995
19.995
19.995
19.995
19.995
19.995
19.995
19.995
19.995
19.995
19.995
19.995
19.995
19.995
19.995
19.995
19.995
19.995
19.995
19.995
19.995
19.995
19.995
19.995
19.995
19.995
19.995
19.995
19.995
19.995
19.995
19.995
19.995
19.995
19.995
19.995
19.995
19.995
19.995
19.995
19.995
19.995
19.995
19.995
19.995
19.995
19.995
19.995
19.995
19.995
19.995
19.995
19.995
19.995
19.995
19.995
19.995
19.995
19.995
19.995
19.995
19.995
19.995
19.995
19.995
19.995
19.9949
19.9949
19.9949
19.9949
19.9949
19.9949
19.9949
19.9949
19.9949
19.9949
19.9949
19.9949
19.9949
19.9949
19.9949
19.9949
19.9949
19.9949
19.9949
19.9949
19.9949
19.9949
19.9949
19.9949
19.9949
19.9949
19.9949
19.9949
19.9949
19.9949
19.9949
19.9949
19.9949
19.9949
19.9949
19.9949
19.9949
19.9949
19.9949
19.9949
19.9949
19.9949
19.9949
19.9949
19.9949
19.9949
19.9949
19.9949
19.9949
19.9949
19.9949
19.9949
19.9949
19.9949
19.9949
19.9949
19.9949
19.9949
19.9949
19.9949
19.9949
19.9949
19.9949
19.9949
19.9949
19.9949
19.9949
19.9949
19.9949
19.9949
19.9949
19.9949
19.9949
19.9949
19.9949
19.9949
19.9949
19.9949
19.9949
19.9949
19.9949
19.9949
19.995
19.995
19.995
19.995
19.995
19.995
19.995
19.995
19.995
19.995
19.995
19.995
19.995
19.995
19.995
19.995
19.995
19.995
19.995
19.995
19.995
19.9949
19.9949
19.9949
19.9949
19.9949
19.9949
19.9949
19.9949
19.9949
19.9949
19.9949
19.9949
19.9949
19.9949
19.9949
19.9949
19.9949
19.9949
19.9949
19.9949
19.9949
19.9949
19.9949
19.9949
19.9949
19.9949
19.9949
19.9949
19.9949
19.9949
19.9949
19.995
19.995
19.995
19.995
19.995
19.995
19.995
19.995
19.995
19.995
19.995
19.995
19.995
19.995
19.995
19.995
19.995
19.995
19.995
19.995
19.995
19.995
19.995
19.995
19.995
19.995
19.995
19.995
19.995
19.9949
19.995
19.995
19.995
19.995
19.995
19.995
19.995
19.995
19.995
19.995
19.995
19.9949
19.9949
19.9949
19.9949
19.9949
19.9949
19.9949
19.9949
19.9949
19.9949
19.9949
19.9949
19.9949
19.9949
19.9949
19.9949
19.9949
19.9949
19.9949
19.9949
19.9949
19.9949
19.9949
19.9949
19.9949
19.9949
19.9949
19.9949
19.9949
19.9949
19.9949
19.9949
19.9949
19.9949
19.9949
19.9949
19.9949
19.9949
19.9949
19.9949
19.9949
19.9949
19.9949
19.9949
19.9949
19.9949
19.9949
19.9949
19.9949
19.9949
19.9949
19.9949
19.9949
19.9949
19.9949
19.9949
19.9949
19.9949
19.9949
19.9949
19.9949
19.9949
19.9949
19.9949
19.9949
19.9949
19.9949
19.9949
19.9949
19.9949
19.9949
19.9949
19.9949
19.9949
19.9949
19.9949
19.9949
19.9949
19.9949
19.9949
19.9949
19.9949
19.9949
19.9949
19.9949
19.9949
19.9949
19.9949
19.9949
19.9949
19.9949
19.9949
19.9949
19.9949
19.9949
19.9949
19.9949
19.9949
19.9949
19.9949
19.9949
19.9949
19.9949
19.9949
19.9949
19.9949
19.9949
19.9949
19.9949
19.9949
19.9949
19.9949
19.9949
19.9949
19.9949
19.9949
19.9949
19.9949
19.9949
19.9948
19.9948
19.9948
19.9948
19.9948
19.9948
19.9948
19.9948
19.9948
19.9948
19.9948
19.9948
19.9948
19.9948
19.9948
19.9948
19.9948
19.9948
19.9948
19.9948
19.9947
19.9948
19.9945
19.9942
19.9933
19.9918
19.9827
19.9794
28.781
26.2791
24.3432
23.1491
22.3888
21.7245
21.0454
20.3817
19.7757
19.2329
18.7595
18.364
18.049
17.8126
17.6484
17.5471
17.4998
17.4998
17.542
17.6222
17.7356
17.8761
18.0367
18.2098
18.3879
18.5644
18.7341
18.8932
19.0393
19.171
19.2882
19.3912
19.4808
19.5583
19.6248
19.6816
19.73
19.771
19.8057
19.835
19.8597
19.8806
19.8983
19.9132
19.9259
19.9365
19.9457
19.9535
19.9601
19.9656
19.9703
19.9742
19.9775
19.9803
19.9826
19.9846
19.9862
19.9876
19.9888
19.9898
19.9906
19.9913
19.9919
19.9924
19.9928
19.9932
19.9935
19.9937
19.9939
19.9941
19.9943
19.9944
19.9945
19.9946
19.9947
19.9947
19.9948
19.9948
19.9948
19.9949
19.9949
19.9949
19.9949
19.9949
19.995
19.995
19.995
19.995
19.995
19.995
19.995
19.995
19.995
19.995
19.995
19.995
19.995
19.995
19.995
19.995
19.995
19.995
19.995
19.995
19.995
19.995
19.995
19.995
19.995
19.995
19.995
19.995
19.995
19.995
19.995
19.995
19.995
19.995
19.995
19.995
19.995
19.995
19.995
19.995
19.995
19.995
19.995
19.995
19.995
19.995
19.995
19.995
19.995
19.995
19.995
19.995
19.995
19.995
19.995
19.995
19.995
19.995
19.995
19.995
19.995
19.995
19.995
19.995
19.995
19.995
19.995
19.995
19.995
19.995
19.995
19.995
19.995
19.995
19.995
19.995
19.995
19.995
19.995
19.995
19.995
19.995
19.995
19.995
19.995
19.995
19.995
19.995
19.995
19.995
19.995
19.995
19.995
19.9949
19.9949
19.9949
19.9949
19.9949
19.9949
19.9949
19.9949
19.9949
19.9949
19.9949
19.9949
19.9949
19.9949
19.9949
19.9949
19.9949
19.9949
19.9949
19.9949
19.9949
19.9949
19.9949
19.9949
19.9949
19.9949
19.9949
19.9949
19.9949
19.9949
19.9949
19.9949
19.9949
19.9949
19.9949
19.9949
19.9949
19.9949
19.9949
19.9949
19.9949
19.9949
19.9949
19.9949
19.9949
19.9949
19.9949
19.9949
19.9949
19.9949
19.9949
19.9949
19.9949
19.9949
19.9949
19.9949
19.9949
19.9949
19.9949
19.9949
19.9949
19.9949
19.9949
19.9949
19.9949
19.9949
19.9949
19.9949
19.9949
19.9949
19.9949
19.9949
19.9949
19.9949
19.9949
19.9949
19.9949
19.9949
19.9949
19.9949
19.9949
19.9949
19.9949
19.995
19.995
19.995
19.995
19.995
19.995
19.995
19.995
19.995
19.995
19.995
19.995
19.995
19.995
19.995
19.995
19.995
19.995
19.995
19.995
19.995
19.9949
19.9949
19.9949
19.9949
19.9949
19.9949
19.9949
19.9949
19.9949
19.9949
19.9949
19.9949
19.9949
19.9949
19.9949
19.9949
19.9949
19.9949
19.9949
19.9949
19.9949
19.9949
19.9949
19.9949
19.9949
19.9949
19.9949
19.9949
19.9949
19.9949
19.9949
19.9949
19.9949
19.995
19.995
19.995
19.995
19.995
19.995
19.995
19.995
19.995
19.995
19.995
19.995
19.995
19.995
19.995
19.995
19.995
19.995
19.995
19.995
19.995
19.995
19.995
19.995
19.995
19.9949
19.9949
19.9949
19.9949
19.9949
19.995
19.995
19.995
19.995
19.995
19.995
19.995
19.995
19.995
19.9949
19.9949
19.9949
19.9949
19.9949
19.9949
19.9949
19.9949
19.9949
19.9949
19.9949
19.9949
19.9949
19.9949
19.9949
19.9949
19.9949
19.9949
19.9949
19.9949
19.9949
19.9949
19.9949
19.9949
19.9949
19.9949
19.9949
19.9949
19.9949
19.9949
19.9949
19.9949
19.9949
19.9949
19.9949
19.9949
19.9949
19.9949
19.9949
19.9949
19.9949
19.9949
19.9949
19.9949
19.9949
19.9949
19.9949
19.9949
19.9949
19.9949
19.9949
19.9949
19.9949
19.9949
19.9949
19.9949
19.9949
19.9949
19.9949
19.9949
19.9949
19.9949
19.9949
19.9949
19.9949
19.9949
19.9949
19.9949
19.9949
19.9949
19.9949
19.9949
19.9949
19.9949
19.9949
19.9949
19.9949
19.9949
19.9949
19.9949
19.9949
19.9949
19.9949
19.9949
19.9949
19.9949
19.9949
19.9949
19.9949
19.9949
19.9949
19.9949
19.9949
19.9949
19.9949
19.9949
19.9949
19.9949
19.9949
19.9949
19.9949
19.9949
19.9949
19.9949
19.9949
19.9949
19.9949
19.9949
19.9949
19.9949
19.9949
19.9949
19.9949
19.9949
19.9949
19.9949
19.9949
19.9949
19.9949
19.9949
19.9948
19.9948
19.9948
19.9948
19.9948
19.9948
19.9948
19.9948
19.9948
19.9948
19.9948
19.9948
19.9948
19.9948
19.9948
19.9948
19.9948
19.9948
19.9948
19.9947
19.9948
19.9945
19.9942
19.9933
19.9918
19.9827
19.9794
27.7472
25.3151
23.457
22.3224
21.6034
20.9733
20.3209
19.6755
19.0802
18.5417
18.0676
17.6682
17.3478
17.1062
16.9378
16.8338
16.7852
16.7856
16.83
16.9136
17.0306
17.1735
17.3338
17.5028
17.6727
17.8369
17.991
18.1319
18.2583
18.3699
18.4672
18.5513
18.6234
18.6849
18.737
18.7811
18.8183
18.8497
18.876
18.8982
18.9168
18.9325
18.9458
18.957
18.9665
18.9746
18.9815
18.9874
18.9924
18.9966
19.0001
19.0031
19.0056
19.0078
19.0096
19.0111
19.0124
19.0135
19.0145
19.0153
19.016
19.0166
19.0171
19.0175
19.0179
19.0182
19.0184
19.0187
19.0189
19.019
19.0192
19.0193
19.0194
19.0195
19.0196
19.0196
19.0197
19.0197
19.0198
19.0198
19.0198
19.0198
19.0199
19.0199
19.0199
19.0199
19.0199
19.0199
19.0199
19.0199
19.0199
19.0199
19.02
19.02
19.02
19.02
19.02
19.02
19.02
19.02
19.02
19.02
19.02
19.02
19.02
19.02
19.02
19.02
19.02
19.02
19.02
19.02
19.02
19.02
19.02
19.02
19.02
19.02
19.02
19.02
19.02
19.02
19.02
19.02
19.02
19.02
19.02
19.02
19.02
19.02
19.02
19.02
19.02
19.02
19.02
19.02
19.02
19.0199
19.0199
19.0199
19.0199
19.0199
19.0199
19.0199
19.0199
19.0199
19.0199
19.0199
19.0199
19.0199
19.0199
19.0199
19.0199
19.0199
19.0199
19.0199
19.0199
19.0199
19.0199
19.0199
19.0199
19.0199
19.0199
19.0199
19.0199
19.0199
19.0199
19.0199
19.0199
19.0199
19.0199
19.0199
19.0199
19.0199
19.0199
19.0199
19.0199
19.0199
19.0199
19.0199
19.0199
19.0199
19.0199
19.0199
19.0199
19.0199
19.0199
19.0199
19.0199
19.0199
19.0199
19.0199
19.0199
19.0199
19.0199
19.0199
19.0199
19.0199
19.0199
19.0199
19.0199
19.0199
19.0199
19.0199
19.0199
19.0199
19.0199
19.0199
19.0199
19.0199
19.0199
19.0199
19.0199
19.0199
19.0199
19.0199
19.0199
19.0199
19.0199
19.0199
19.0199
19.0199
19.0199
19.0199
19.0199
19.0199
19.0199
19.0199
19.0199
19.0199
19.0199
19.0199
19.0199
19.0199
19.0199
19.0199
19.0199
19.0199
19.0199
19.0199
19.0199
19.0199
19.0199
19.0199
19.0199
19.0199
19.0199
19.0199
19.0199
19.0199
19.0199
19.0199
19.0199
19.0199
19.0199
19.0199
19.0199
19.0199
19.0199
19.0199
19.0199
19.0199
19.0199
19.0199
19.0199
19.0199
19.0199
19.0199
19.0199
19.0199
19.0199
19.0199
19.0199
19.0199
19.0199
19.0199
19.0199
19.0199
19.0199
19.0199
19.0199
19.0199
19.0199
19.0199
19.0199
19.0199
19.0199
19.0199
19.0199
19.0199
19.0199
19.0199
19.0199
19.0199
19.0199
19.0199
19.0199
19.0199
19.0199
19.0199
19.0199
19.0199
19.0199
19.0199
19.0199
19.0199
19.0199
19.0199
19.0199
19.0199
19.0199
19.0199
19.0199
19.0199
19.0199
19.0199
19.0199
19.0199
19.0199
19.0199
19.0199
19.0199
19.0199
19.0199
19.02
19.02
19.02
19.02
19.02
19.02
19.02
19.0199
19.0199
19.0199
19.0199
19.0199
19.0199
19.0199
19.0199
19.0199
19.0199
19.0199
19.0199
19.0199
19.0199
19.0199
19.0199
19.0199
19.0199
19.0199
19.0199
19.0199
19.0199
19.0199
19.0199
19.0199
19.0199
19.0199
19.0199
19.0199
19.0199
19.0199
19.0199
19.0199
19.0199
19.0199
19.0199
19.0199
19.0199
19.0199
19.0199
19.0199
19.0199
19.0199
19.0199
19.0199
19.0199
19.0199
19.0199
19.0199
19.0199
19.0199
19.0199
19.0199
19.0199
19.0199
19.0199
19.0199
19.0199
19.0199
19.0199
19.0199
19.0199
19.0199
19.0199
19.0199
19.0199
19.0199
19.0199
19.0199
19.0199
19.0199
19.0199
19.0199
19.0199
19.0199
19.0199
19.0199
19.0199
19.0199
19.0199
19.0199
19.0199
19.0199
19.0199
19.0199
19.0199
19.0199
19.0199
19.0199
19.0199
19.0199
19.0199
19.0199
19.0199
19.0199
19.0199
19.0199
19.0199
19.0199
19.0199
19.0199
19.0199
19.0199
19.0199
19.0199
19.0199
19.0199
19.0199
19.0199
19.0199
19.0199
19.0199
19.0199
19.0199
19.0199
19.0199
19.0199
19.0199
19.0199
19.0199
19.0199
19.0199
19.0199
19.0199
19.0199
19.0199
19.0199
19.0199
19.0199
19.0199
19.0199
19.0199
19.0199
19.0199
19.0199
19.0199
19.0199
19.0199
19.0199
19.0199
19.0199
19.0199
19.0198
19.0198
19.0198
19.0198
19.0198
19.0198
19.0198
19.0198
19.0198
19.0198
19.0198
19.0198
19.0198
19.0198
19.0198
19.0198
19.0198
19.0198
19.0198
19.0198
19.0199
19.0197
19.0196
19.019
19.0205
19.0085
18.9831
25.8707
23.5685
21.8533
20.826
20.1789
19.6092
19.0058
18.3958
17.8233
17.2979
16.8299
16.4321
16.1117
15.8702
15.7026
15.6002
15.5545
15.5591
15.6089
15.698
15.8181
15.9589
16.1101
16.2623
16.4085
16.544
16.666
16.7736
16.867
16.947
17.0149
17.0722
17.1203
17.1605
17.1941
17.2222
17.2456
17.2651
17.2813
17.2949
17.3063
17.3159
17.324
17.3308
17.3366
17.3417
17.346
17.3497
17.3529
17.3555
17.3578
17.3598
17.3615
17.3629
17.3642
17.3653
17.3662
17.367
17.3677
17.3683
17.3688
17.3693
17.3697
17.3701
17.3704
17.3706
17.3709
17.3711
17.3712
17.3714
17.3715
17.3717
17.3718
17.3718
17.3719
17.372
17.372
17.3721
17.3721
17.3722
17.3722
17.3722
17.3723
17.3723
17.3723
17.3723
17.3723
17.3723
17.3724
17.3724
17.3724
17.3724
17.3724
17.3724
17.3724
17.3724
17.3724
17.3724
17.3724
17.3724
17.3724
17.3724
17.3724
17.3724
17.3724
17.3724
17.3724
17.3724
17.3724
17.3724
17.3724
17.3724
17.3724
17.3724
17.3724
17.3724
17.3724
17.3724
17.3724
17.3724
17.3724
17.3724
17.3724
17.3724
17.3724
17.3724
17.3724
17.3724
17.3724
17.3724
17.3724
17.3724
17.3724
17.3724
17.3724
17.3724
17.3724
17.3724
17.3724
17.3724
17.3724
17.3724
17.3724
17.3724
17.3724
17.3724
17.3724
17.3724
17.3724
17.3724
17.3724
17.3724
17.3724
17.3724
17.3724
17.3724
17.3724
17.3724
17.3724
17.3724
17.3724
17.3724
17.3724
17.3724
17.3724
17.3724
17.3724
17.3724
17.3724
17.3724
17.3724
17.3724
17.3724
17.3724
17.3724
17.3724
17.3724
17.3724
17.3724
17.3724
17.3724
17.3724
17.3724
17.3724
17.3724
17.3724
17.3724
17.3724
17.3724
17.3724
17.3724
17.3724
17.3724
17.3724
17.3724
17.3724
17.3724
17.3724
17.3724
17.3724
17.3724
17.3724
17.3724
17.3724
17.3724
17.3724
17.3724
17.3724
17.3724
17.3724
17.3724
17.3724
17.3724
17.3724
17.3724
17.3724
17.3724
17.3724
17.3724
17.3724
17.3724
17.3724
17.3724
17.3724
17.3724
17.3724
17.3724
17.3724
17.3724
17.3724
17.3724
17.3724
17.3724
17.3724
17.3724
17.3724
17.3724
17.3724
17.3724
17.3724
17.3724
17.3724
17.3724
17.3724
17.3724
17.3724
17.3724
17.3724
17.3724
17.3724
17.3724
17.3724
17.3724
17.3724
17.3724
17.3724
17.3724
17.3724
17.3724
17.3724
17.3724
17.3724
17.3724
17.3724
17.3724
17.3724
17.3724
17.3724
17.3724
17.3724
17.3724
17.3724
17.3724
17.3724
17.3724
17.3724
17.3724
17.3724
17.3724
17.3724
17.3724
17.3724
17.3724
17.3724
17.3724
17.3724
17.3724
17.3724
17.3724
17.3724
17.3724
17.3724
17.3724
17.3724
17.3724
17.3724
17.3724
17.3724
17.3724
17.3724
17.3724
17.3724
17.3724
17.3724
17.3724
17.3724
17.3724
17.3724
17.3724
17.3724
17.3724
17.3724
17.3724
17.3724
17.3724
17.3724
17.3724
17.3724
17.3724
17.3724
17.3724
17.3724
17.3724
17.3724
17.3724
17.3724
17.3724
17.3724
17.3724
17.3724
17.3724
17.3724
17.3724
17.3724
17.3724
17.3724
17.3724
17.3724
17.3724
17.3724
17.3724
17.3724
17.3724
17.3724
17.3724
17.3724
17.3724
17.3724
17.3724
17.3724
17.3724
17.3724
17.3724
17.3724
17.3724
17.3724
17.3724
17.3724
17.3724
17.3724
17.3724
17.3724
17.3724
17.3724
17.3724
17.3724
17.3724
17.3724
17.3724
17.3724
17.3724
17.3724
17.3724
17.3724
17.3724
17.3724
17.3724
17.3724
17.3724
17.3724
17.3724
17.3724
17.3724
17.3724
17.3724
17.3724
17.3724
17.3724
17.3724
17.3724
17.3724
17.3724
17.3724
17.3724
17.3724
17.3724
17.3724
17.3724
17.3724
17.3724
17.3724
17.3724
17.3724
17.3724
17.3724
17.3724
17.3724
17.3724
17.3724
17.3724
17.3724
17.3724
17.3724
17.3724
17.3724
17.3724
17.3724
17.3724
17.3724
17.3724
17.3724
17.3724
17.3724
17.3724
17.3724
17.3724
17.3724
17.3724
17.3724
17.3724
17.3724
17.3724
17.3724
17.3724
17.3724
17.3724
17.3724
17.3724
17.3724
17.3724
17.3724
17.3724
17.3724
17.3724
17.3724
17.3724
17.3724
17.3724
17.3724
17.3724
17.3724
17.3724
17.3724
17.3724
17.3724
17.3724
17.3724
17.3724
17.3724
17.3724
17.3724
17.3724
17.3724
17.3724
17.3724
17.3724
17.3724
17.3724
17.3724
17.3724
17.3724
17.3724
17.3724
17.3724
17.3724
17.3724
17.3724
17.3724
17.3724
17.3724
17.3723
17.3723
17.3723
17.3723
17.3723
17.3723
17.3723
17.3723
17.3723
17.3723
17.3723
17.3723
17.3723
17.3725
17.3725
17.373
17.3744
17.379
17.367
17.2738
25.8707
23.5685
21.8533
20.826
20.1789
19.6091
19.0058
18.3958
17.8233
17.2979
16.8299
16.4321
16.1117
15.8702
15.7026
15.6002
15.5545
15.5591
15.6089
15.698
15.8181
15.9589
16.1101
16.2623
16.4085
16.544
16.666
16.7736
16.867
16.947
17.0149
17.0722
17.1203
17.1605
17.1941
17.2222
17.2456
17.2651
17.2813
17.2949
17.3063
17.3159
17.324
17.3308
17.3366
17.3417
17.346
17.3497
17.3529
17.3555
17.3578
17.3598
17.3615
17.3629
17.3642
17.3653
17.3662
17.367
17.3677
17.3683
17.3688
17.3693
17.3697
17.3701
17.3704
17.3706
17.3709
17.3711
17.3712
17.3714
17.3715
17.3717
17.3718
17.3718
17.3719
17.372
17.372
17.3721
17.3721
17.3722
17.3722
17.3722
17.3723
17.3723
17.3723
17.3723
17.3723
17.3723
17.3724
17.3724
17.3724
17.3724
17.3724
17.3724
17.3724
17.3724
17.3724
17.3724
17.3724
17.3724
17.3724
17.3724
17.3724
17.3724
17.3724
17.3724
17.3724
17.3724
17.3724
17.3724
17.3724
17.3724
17.3724
17.3724
17.3724
17.3724
17.3724
17.3724
17.3724
17.3724
17.3724
17.3724
17.3724
17.3724
17.3724
17.3724
17.3724
17.3724
17.3724
17.3724
17.3724
17.3724
17.3724
17.3724
17.3724
17.3724
17.3724
17.3724
17.3724
17.3724
17.3724
17.3724
17.3724
17.3724
17.3724
17.3724
17.3724
17.3724
17.3724
17.3724
17.3724
17.3724
17.3724
17.3724
17.3724
17.3724
17.3724
17.3724
17.3724
17.3724
17.3724
17.3724
17.3724
17.3724
17.3724
17.3724
17.3724
17.3724
17.3724
17.3724
17.3724
17.3724
17.3724
17.3724
17.3724
17.3724
17.3724
17.3724
17.3724
17.3724
17.3724
17.3724
17.3724
17.3724
17.3724
17.3724
17.3724
17.3724
17.3724
17.3724
17.3724
17.3724
17.3724
17.3724
17.3724
17.3724
17.3724
17.3724
17.3724
17.3724
17.3724
17.3724
17.3724
17.3724
17.3724
17.3724
17.3724
17.3724
17.3724
17.3724
17.3724
17.3724
17.3724
17.3724
17.3724
17.3724
17.3724
17.3724
17.3724
17.3724
17.3724
17.3724
17.3724
17.3724
17.3724
17.3724
17.3724
17.3724
17.3724
17.3724
17.3724
17.3724
17.3724
17.3724
17.3724
17.3724
17.3724
17.3724
17.3724
17.3724
17.3724
17.3724
17.3724
17.3724
17.3724
17.3724
17.3724
17.3724
17.3724
17.3724
17.3724
17.3724
17.3724
17.3724
17.3724
17.3724
17.3724
17.3724
17.3724
17.3724
17.3724
17.3724
17.3724
17.3724
17.3724
17.3724
17.3724
17.3724
17.3724
17.3724
17.3724
17.3724
17.3724
17.3724
17.3724
17.3724
17.3724
17.3724
17.3724
17.3724
17.3724
17.3724
17.3724
17.3724
17.3724
17.3724
17.3724
17.3724
17.3724
17.3724
17.3724
17.3724
17.3724
17.3724
17.3724
17.3724
17.3724
17.3724
17.3724
17.3724
17.3724
17.3724
17.3724
17.3724
17.3724
17.3724
17.3724
17.3724
17.3724
17.3724
17.3724
17.3724
17.3724
17.3724
17.3724
17.3724
17.3724
17.3724
17.3724
17.3724
17.3724
17.3724
17.3724
17.3724
17.3724
17.3724
17.3724
17.3724
17.3724
17.3724
17.3724
17.3724
17.3724
17.3724
17.3724
17.3724
17.3724
17.3724
17.3724
17.3724
17.3724
17.3724
17.3724
17.3724
17.3724
17.3724
17.3724
17.3724
17.3724
17.3724
17.3724
17.3724
17.3724
17.3724
17.3724
17.3724
17.3724
17.3724
17.3724
17.3724
17.3724
17.3724
17.3724
17.3724
17.3724
17.3724
17.3724
17.3724
17.3724
17.3724
17.3724
17.3724
17.3724
17.3724
17.3724
17.3724
17.3724
17.3724
17.3724
17.3724
17.3724
17.3724
17.3724
17.3724
17.3724
17.3724
17.3724
17.3724
17.3724
17.3724
17.3724
17.3724
17.3724
17.3724
17.3724
17.3724
17.3724
17.3724
17.3724
17.3724
17.3724
17.3724
17.3724
17.3724
17.3724
17.3724
17.3724
17.3724
17.3724
17.3724
17.3724
17.3724
17.3724
17.3724
17.3724
17.3724
17.3724
17.3724
17.3724
17.3724
17.3724
17.3724
17.3724
17.3724
17.3724
17.3724
17.3724
17.3724
17.3724
17.3724
17.3724
17.3724
17.3724
17.3724
17.3724
17.3724
17.3724
17.3724
17.3724
17.3724
17.3724
17.3724
17.3724
17.3724
17.3724
17.3724
17.3724
17.3724
17.3724
17.3724
17.3724
17.3724
17.3724
17.3724
17.3724
17.3724
17.3724
17.3724
17.3724
17.3724
17.3724
17.3724
17.3724
17.3724
17.3724
17.3724
17.3724
17.3724
17.3724
17.3724
17.3724
17.3724
17.3724
17.3724
17.3724
17.3724
17.3724
17.3724
17.3723
17.3723
17.3723
17.3723
17.3723
17.3723
17.3723
17.3723
17.3723
17.3723
17.3723
17.3723
17.3723
17.3723
17.3723
17.3725
17.3725
17.373
17.3744
17.379
17.367
17.2738
27.7472
25.3151
23.457
22.3224
21.6034
20.9733
20.3209
19.6755
19.0802
18.5417
18.0676
17.6682
17.3478
17.1062
16.9378
16.8338
16.7852
16.7856
16.83
16.9136
17.0306
17.1735
17.3338
17.5028
17.6727
17.8369
17.991
18.1319
18.2583
18.3699
18.4672
18.5513
18.6234
18.6849
18.737
18.7811
18.8183
18.8497
18.876
18.8982
18.9168
18.9325
18.9458
18.957
18.9665
18.9746
18.9815
18.9874
18.9924
18.9965
19.0001
19.0031
19.0056
19.0078
19.0096
19.0111
19.0124
19.0135
19.0145
19.0153
19.016
19.0166
19.0171
19.0175
19.0179
19.0182
19.0184
19.0187
19.0189
19.019
19.0192
19.0193
19.0194
19.0195
19.0196
19.0196
19.0197
19.0197
19.0198
19.0198
19.0198
19.0198
19.0199
19.0199
19.0199
19.0199
19.0199
19.0199
19.0199
19.0199
19.0199
19.0199
19.02
19.02
19.02
19.02
19.02
19.02
19.02
19.02
19.02
19.02
19.02
19.02
19.02
19.02
19.02
19.02
19.02
19.02
19.02
19.02
19.02
19.02
19.02
19.02
19.02
19.02
19.02
19.02
19.02
19.02
19.02
19.02
19.02
19.02
19.02
19.02
19.02
19.02
19.02
19.0199
19.0199
19.0199
19.0199
19.0199
19.0199
19.0199
19.0199
19.0199
19.0199
19.0199
19.0199
19.0199
19.0199
19.0199
19.0199
19.0199
19.0199
19.0199
19.0199
19.0199
19.0199
19.0199
19.0199
19.0199
19.0199
19.0199
19.0199
19.0199
19.0199
19.0199
19.0199
19.0199
19.0199
19.0199
19.0199
19.0199
19.0199
19.0199
19.0199
19.0199
19.0199
19.0199
19.0199
19.0199
19.0199
19.0199
19.0199
19.0199
19.0199
19.0199
19.0199
19.0199
19.0199
19.0199
19.0199
19.0199
19.0199
19.0199
19.0199
19.0199
19.0199
19.0199
19.0199
19.0199
19.0199
19.0199
19.0199
19.0199
19.0199
19.0199
19.0199
19.0199
19.0199
19.0199
19.0199
19.0199
19.0199
19.0199
19.0199
19.0199
19.0199
19.0199
19.0199
19.0199
19.0199
19.0199
19.0199
19.0199
19.0199
19.0199
19.0199
19.0199
19.0199
19.0199
19.0199
19.0199
19.0199
19.0199
19.0199
19.0199
19.0199
19.0199
19.0199
19.0199
19.0199
19.0199
19.0199
19.0199
19.0199
19.0199
19.0199
19.0199
19.0199
19.0199
19.0199
19.0199
19.0199
19.0199
19.0199
19.0199
19.0199
19.0199
19.0199
19.0199
19.0199
19.0199
19.0199
19.0199
19.0199
19.0199
19.0199
19.0199
19.0199
19.0199
19.0199
19.0199
19.0199
19.0199
19.0199
19.0199
19.0199
19.0199
19.0199
19.0199
19.0199
19.0199
19.0199
19.0199
19.0199
19.0199
19.0199
19.0199
19.0199
19.0199
19.0199
19.0199
19.0199
19.0199
19.0199
19.0199
19.0199
19.0199
19.0199
19.0199
19.0199
19.0199
19.0199
19.0199
19.0199
19.0199
19.0199
19.0199
19.0199
19.0199
19.0199
19.0199
19.0199
19.0199
19.0199
19.0199
19.0199
19.0199
19.0199
19.0199
19.0199
19.0199
19.0199
19.0199
19.0199
19.0199
19.0199
19.0199
19.0199
19.0199
19.02
19.02
19.02
19.02
19.0199
19.0199
19.0199
19.0199
19.0199
19.0199
19.0199
19.0199
19.0199
19.0199
19.0199
19.0199
19.0199
19.0199
19.0199
19.0199
19.0199
19.0199
19.0199
19.0199
19.0199
19.0199
19.0199
19.0199
19.0199
19.0199
19.0199
19.0199
19.0199
19.0199
19.0199
19.0199
19.0199
19.0199
19.0199
19.0199
19.0199
19.0199
19.0199
19.0199
19.0199
19.0199
19.0199
19.0199
19.0199
19.0199
19.0199
19.0199
19.0199
19.0199
19.0199
19.0199
19.0199
19.0199
19.0199
19.0199
19.0199
19.0199
19.0199
19.0199
19.0199
19.0199
19.0199
19.0199
19.0199
19.0199
19.0199
19.0199
19.0199
19.0199
19.0199
19.0199
19.0199
19.0199
19.0199
19.0199
19.0199
19.0199
19.0199
19.0199
19.0199
19.0199
19.0199
19.0199
19.0199
19.0199
19.0199
19.0199
19.0199
19.0199
19.0199
19.0199
19.0199
19.0199
19.0199
19.0199
19.0199
19.0199
19.0199
19.0199
19.0199
19.0199
19.0199
19.0199
19.0199
19.0199
19.0199
19.0199
19.0199
19.0199
19.0199
19.0199
19.0199
19.0199
19.0199
19.0199
19.0199
19.0199
19.0199
19.0199
19.0199
19.0199
19.0199
19.0199
19.0199
19.0199
19.0199
19.0199
19.0199
19.0199
19.0199
19.0199
19.0199
19.0199
19.0199
19.0199
19.0199
19.0199
19.0199
19.0199
19.0199
19.0199
19.0198
19.0198
19.0198
19.0198
19.0198
19.0198
19.0198
19.0198
19.0198
19.0198
19.0198
19.0198
19.0198
19.0198
19.0198
19.0198
19.0198
19.0198
19.0198
19.0198
19.0198
19.0199
19.0197
19.0196
19.0191
19.0205
19.0085
18.9831
28.781
26.2791
24.3432
23.1491
22.3888
21.7245
21.0454
20.3817
19.7757
19.2329
18.7595
18.364
18.049
17.8126
17.6484
17.5471
17.4998
17.4998
17.542
17.6222
17.7356
17.8761
18.0367
18.2098
18.3879
18.5644
18.7341
18.8932
19.0393
19.171
19.2882
19.3912
19.4808
19.5583
19.6248
19.6816
19.73
19.771
19.8057
19.835
19.8597
19.8806
19.8983
19.9132
19.9259
19.9365
19.9457
19.9535
19.9601
19.9656
19.9703
19.9742
19.9775
19.9803
19.9826
19.9846
19.9862
19.9876
19.9888
19.9898
19.9906
19.9913
19.9919
19.9924
19.9928
19.9932
19.9935
19.9937
19.9939
19.9941
19.9943
19.9944
19.9945
19.9946
19.9947
19.9947
19.9948
19.9948
19.9948
19.9949
19.9949
19.9949
19.9949
19.9949
19.995
19.995
19.995
19.995
19.995
19.995
19.995
19.995
19.995
19.995
19.995
19.995
19.995
19.995
19.995
19.995
19.995
19.995
19.995
19.995
19.995
19.995
19.995
19.995
19.995
19.995
19.995
19.995
19.995
19.995
19.995
19.995
19.995
19.995
19.995
19.995
19.995
19.995
19.995
19.995
19.995
19.995
19.995
19.995
19.995
19.995
19.995
19.995
19.995
19.995
19.995
19.995
19.995
19.995
19.995
19.995
19.995
19.995
19.995
19.995
19.995
19.995
19.995
19.995
19.995
19.9949
19.9949
19.9949
19.9949
19.9949
19.9949
19.9949
19.9949
19.9949
19.9949
19.9949
19.9949
19.9949
19.9949
19.9949
19.9949
19.9949
19.9949
19.9949
19.9949
19.9949
19.9949
19.9949
19.9949
19.9949
19.9949
19.9949
19.9949
19.9949
19.9949
19.9949
19.9949
19.9949
19.9949
19.9949
19.9949
19.9949
19.9949
19.9949
19.9949
19.9949
19.9949
19.9949
19.9949
19.9949
19.9949
19.9949
19.9949
19.9949
19.9949
19.9949
19.9949
19.9949
19.9949
19.9949
19.9949
19.9949
19.9949
19.9949
19.9949
19.9949
19.9949
19.9949
19.9949
19.9949
19.9949
19.9949
19.9949
19.9949
19.9949
19.9949
19.9949
19.9949
19.9949
19.9949
19.9949
19.9949
19.9949
19.9949
19.9949
19.9949
19.9949
19.9949
19.9949
19.9949
19.9949
19.9949
19.9949
19.9949
19.9949
19.9949
19.9949
19.9949
19.9949
19.9949
19.9949
19.9949
19.9949
19.9949
19.9949
19.9949
19.9949
19.9949
19.9949
19.9949
19.9949
19.9949
19.9949
19.9949
19.9949
19.9949
19.9949
19.9949
19.9949
19.9949
19.9949
19.9949
19.9949
19.9949
19.9949
19.9949
19.9949
19.9949
19.9949
19.9949
19.9949
19.9949
19.9949
19.9949
19.9949
19.9949
19.9949
19.9949
19.9949
19.9949
19.9949
19.9949
19.9949
19.9949
19.9949
19.9949
19.9949
19.9949
19.9949
19.9949
19.9949
19.9949
19.9949
19.9949
19.9949
19.9949
19.9949
19.9949
19.9949
19.9949
19.9949
19.9949
19.9949
19.9949
19.9949
19.9949
19.9949
19.9949
19.9949
19.9949
19.9949
19.9949
19.9949
19.9949
19.9949
19.9949
19.9949
19.995
19.995
19.995
19.995
19.995
19.995
19.995
19.995
19.995
19.995
19.995
19.995
19.995
19.995
19.995
19.995
19.9949
19.9949
19.9949
19.9949
19.9949
19.9949
19.9949
19.9949
19.9949
19.9949
19.9949
19.9949
19.9949
19.9949
19.9949
19.9949
19.9949
19.9949
19.9949
19.9949
19.9949
19.9949
19.9949
19.9949
19.9949
19.9949
19.9949
19.9949
19.9949
19.9949
19.9949
19.9949
19.9949
19.9949
19.9949
19.9949
19.9949
19.9949
19.9949
19.9949
19.9949
19.9949
19.9949
19.9949
19.9949
19.9949
19.9949
19.9949
19.9949
19.9949
19.9949
19.9949
19.9949
19.9949
19.9949
19.9949
19.9949
19.9949
19.9949
19.9949
19.9949
19.9949
19.9949
19.9949
19.9949
19.9949
19.9949
19.9949
19.9949
19.9949
19.9949
19.9949
19.9949
19.9949
19.9949
19.9949
19.9949
19.9949
19.9949
19.9949
19.9949
19.9949
19.9949
19.9949
19.9949
19.9949
19.9949
19.9949
19.9949
19.9949
19.9949
19.9949
19.9949
19.9949
19.9949
19.9949
19.9949
19.9949
19.9949
19.9949
19.9949
19.9949
19.9949
19.9949
19.9949
19.9949
19.9949
19.9949
19.9949
19.9949
19.9949
19.9949
19.9949
19.9949
19.9949
19.9949
19.9949
19.9949
19.9949
19.9949
19.9949
19.9949
19.9949
19.9949
19.9949
19.9949
19.9949
19.9949
19.9949
19.9949
19.9949
19.9949
19.9949
19.9949
19.9949
19.9948
19.9948
19.9948
19.9948
19.9948
19.9948
19.9948
19.9948
19.9948
19.9948
19.9948
19.9948
19.9948
19.9948
19.9948
19.9948
19.9948
19.9948
19.9948
19.9948
19.9947
19.9948
19.9945
19.9942
19.9933
19.9918
19.9828
19.9794
28.781
26.2791
24.3432
23.1491
22.3888
21.7245
21.0454
20.3817
19.7757
19.2329
18.7595
18.364
18.049
17.8126
17.6484
17.5471
17.4998
17.4998
17.542
17.6222
17.7356
17.8761
18.0367
18.2098
18.3879
18.5644
18.7341
18.8932
19.0393
19.171
19.2882
19.3912
19.4808
19.5583
19.6248
19.6816
19.73
19.771
19.8057
19.835
19.8597
19.8806
19.8983
19.9132
19.9259
19.9365
19.9457
19.9535
19.9601
19.9656
19.9703
19.9742
19.9775
19.9803
19.9826
19.9846
19.9862
19.9876
19.9888
19.9898
19.9906
19.9913
19.9919
19.9924
19.9928
19.9932
19.9935
19.9937
19.9939
19.9941
19.9943
19.9944
19.9945
19.9946
19.9947
19.9947
19.9948
19.9948
19.9948
19.9949
19.9949
19.9949
19.9949
19.9949
19.995
19.995
19.995
19.995
19.995
19.995
19.995
19.995
19.995
19.995
19.995
19.995
19.995
19.995
19.995
19.995
19.995
19.995
19.995
19.995
19.995
19.995
19.995
19.995
19.995
19.995
19.995
19.995
19.995
19.995
19.995
19.995
19.995
19.995
19.995
19.995
19.995
19.995
19.995
19.995
19.995
19.995
19.995
19.995
19.995
19.995
19.995
19.995
19.995
19.995
19.995
19.995
19.995
19.995
19.995
19.995
19.995
19.995
19.995
19.995
19.995
19.995
19.995
19.995
19.995
19.9949
19.9949
19.9949
19.9949
19.9949
19.9949
19.9949
19.9949
19.9949
19.9949
19.9949
19.9949
19.9949
19.9949
19.9949
19.9949
19.9949
19.9949
19.9949
19.9949
19.9949
19.9949
19.9949
19.9949
19.9949
19.9949
19.9949
19.9949
19.9949
19.9949
19.9949
19.9949
19.9949
19.9949
19.9949
19.9949
19.9949
19.9949
19.9949
19.9949
19.9949
19.9949
19.9949
19.9949
19.9949
19.9949
19.9949
19.9949
19.9949
19.9949
19.9949
19.9949
19.9949
19.9949
19.9949
19.9949
19.9949
19.9949
19.9949
19.9949
19.9949
19.9949
19.9949
19.9949
19.9949
19.9949
19.9949
19.9949
19.9949
19.9949
19.9949
19.9949
19.9949
19.9949
19.9949
19.9949
19.9949
19.9949
19.9949
19.9949
19.9949
19.9949
19.9949
19.9949
19.9949
19.9949
19.9949
19.9949
19.9949
19.9949
19.9949
19.9949
19.9949
19.9949
19.9949
19.9949
19.9949
19.9949
19.9949
19.9949
19.9949
19.9949
19.9949
19.9949
19.9949
19.9949
19.9949
19.9949
19.9949
19.9949
19.9949
19.9949
19.9949
19.9949
19.9949
19.9949
19.9949
19.9949
19.9949
19.9949
19.9949
19.9949
19.9949
19.9949
19.9949
19.9949
19.9949
19.9949
19.9949
19.9949
19.9949
19.9949
19.9949
19.9949
19.9949
19.9949
19.9949
19.9949
19.9949
19.9949
19.9949
19.9949
19.9949
19.9949
19.9949
19.9949
19.9949
19.9949
19.9949
19.9949
19.9949
19.9949
19.9949
19.9949
19.9949
19.9949
19.9949
19.9949
19.9949
19.9949
19.9949
19.9949
19.9949
19.9949
19.9949
19.9949
19.9949
19.9949
19.9949
19.9949
19.9949
19.9949
19.9949
19.995
19.995
19.995
19.995
19.995
19.995
19.995
19.995
19.995
19.995
19.995
19.995
19.995
19.995
19.995
19.9949
19.9949
19.9949
19.9949
19.9949
19.9949
19.9949
19.9949
19.9949
19.9949
19.9949
19.9949
19.9949
19.9949
19.9949
19.9949
19.9949
19.9949
19.9949
19.9949
19.9949
19.9949
19.9949
19.9949
19.9949
19.9949
19.9949
19.9949
19.9949
19.9949
19.9949
19.9949
19.9949
19.9949
19.9949
19.9949
19.9949
19.9949
19.9949
19.9949
19.9949
19.9949
19.9949
19.9949
19.9949
19.9949
19.9949
19.9949
19.9949
19.9949
19.9949
19.9949
19.9949
19.9949
19.9949
19.9949
19.9949
19.9949
19.9949
19.9949
19.9949
19.9949
19.9949
19.9949
19.9949
19.9949
19.9949
19.9949
19.9949
19.9949
19.9949
19.9949
19.9949
19.9949
19.9949
19.9949
19.9949
19.9949
19.9949
19.9949
19.9949
19.9949
19.9949
19.9949
19.9949
19.9949
19.9949
19.9949
19.9949
19.9949
19.9949
19.9949
19.9949
19.9949
19.9949
19.9949
19.9949
19.9949
19.9949
19.9949
19.9949
19.9949
19.9949
19.9949
19.9949
19.9949
19.9949
19.9949
19.9949
19.9949
19.9949
19.9949
19.9949
19.9949
19.9949
19.9949
19.9949
19.9949
19.9949
19.9949
19.9949
19.9949
19.9949
19.9949
19.9949
19.9949
19.9949
19.9949
19.9949
19.9949
19.9949
19.9949
19.9949
19.9949
19.9948
19.9948
19.9948
19.9948
19.9948
19.9948
19.9948
19.9948
19.9948
19.9948
19.9948
19.9948
19.9948
19.9948
19.9948
19.9948
19.9948
19.9948
19.9948
19.9948
19.9948
19.9947
19.9948
19.9945
19.9942
19.9933
19.9918
19.9828
19.9794
27.7472
25.3151
23.457
22.3224
21.6034
20.9733
20.3209
19.6755
19.0802
18.5417
18.0676
17.6682
17.3478
17.1062
16.9378
16.8338
16.7853
16.7856
16.83
16.9136
17.0306
17.1735
17.3338
17.5028
17.6727
17.8369
17.991
18.1319
18.2583
18.3699
18.4672
18.5513
18.6234
18.6849
18.737
18.7811
18.8183
18.8497
18.876
18.8982
18.9168
18.9325
18.9458
18.957
18.9665
18.9746
18.9815
18.9874
18.9924
18.9966
19.0001
19.0031
19.0056
19.0078
19.0096
19.0111
19.0124
19.0136
19.0145
19.0153
19.016
19.0166
19.0171
19.0175
19.0179
19.0182
19.0184
19.0187
19.0189
19.019
19.0192
19.0193
19.0194
19.0195
19.0196
19.0196
19.0197
19.0197
19.0198
19.0198
19.0198
19.0198
19.0199
19.0199
19.0199
19.0199
19.0199
19.0199
19.0199
19.0199
19.0199
19.02
19.02
19.02
19.02
19.02
19.02
19.02
19.02
19.02
19.02
19.02
19.02
19.02
19.02
19.02
19.02
19.02
19.02
19.02
19.02
19.02
19.02
19.02
19.02
19.02
19.02
19.02
19.02
19.02
19.02
19.02
19.02
19.02
19.02
19.02
19.02
19.02
19.02
19.0199
19.0199
19.0199
19.0199
19.0199
19.0199
19.0199
19.0199
19.0199
19.0199
19.0199
19.0199
19.0199
19.0199
19.0199
19.0199
19.0199
19.0199
19.0199
19.0199
19.0199
19.0199
19.0199
19.0199
19.0199
19.0199
19.0199
19.0199
19.0199
19.0199
19.0199
19.0199
19.0199
19.0199
19.0199
19.0199
19.0199
19.0199
19.0199
19.0199
19.0199
19.0199
19.0199
19.0199
19.0199
19.0199
19.0199
19.0199
19.0199
19.0199
19.0199
19.0199
19.0199
19.0199
19.0199
19.0199
19.0199
19.0199
19.0199
19.0199
19.0199
19.0199
19.0199
19.0199
19.0199
19.0199
19.0199
19.0199
19.0199
19.0199
19.0199
19.0199
19.0199
19.0199
19.0199
19.0199
19.0199
19.0199
19.0199
19.0199
19.0199
19.0199
19.0199
19.0199
19.0199
19.0199
19.0199
19.0199
19.0199
19.0199
19.0199
19.0199
19.0199
19.0199
19.0199
19.0199
19.0199
19.0199
19.0199
19.0199
19.0199
19.0199
19.0199
19.0199
19.0199
19.0199
19.0199
19.0199
19.0199
19.0199
19.0199
19.0199
19.0199
19.0199
19.0199
19.0199
19.0199
19.0199
19.0199
19.0199
19.0199
19.0199
19.0199
19.0199
19.0199
19.0199
19.0199
19.0199
19.0199
19.0199
19.0199
19.0199
19.0199
19.0199
19.0199
19.0199
19.0199
19.0199
19.0199
19.0199
19.0199
19.0199
19.0199
19.0199
19.0199
19.0199
19.0199
19.0199
19.0199
19.0199
19.0199
19.0199
19.0199
19.0199
19.0199
19.0199
19.0199
19.0199
19.0199
19.0199
19.0199
19.0199
19.0199
19.0199
19.0199
19.0199
19.0199
19.0199
19.0199
19.0199
19.0199
19.0199
19.0199
19.0199
19.0199
19.0199
19.0199
19.0199
19.0199
19.0199
19.0199
19.0199
19.0199
19.0199
19.0199
19.0199
19.0199
19.0199
19.0199
19.0199
19.0199
19.0199
19.0199
19.0199
19.0199
19.0199
19.0199
19.0199
19.0199
19.02
19.0199
19.02
19.0199
19.0199
19.0199
19.0199
19.0199
19.0199
19.0199
19.0199
19.0199
19.0199
19.0199
19.0199
19.0199
19.0199
19.0199
19.0199
19.0199
19.0199
19.0199
19.0199
19.0199
19.0199
19.0199
19.0199
19.0199
19.0199
19.0199
19.0199
19.0199
19.0199
19.0199
19.0199
19.0199
19.0199
19.0199
19.0199
19.0199
19.0199
19.0199
19.0199
19.0199
19.0199
19.0199
19.0199
19.0199
19.0199
19.0199
19.0199
19.0199
19.0199
19.0199
19.0199
19.0199
19.0199
19.0199
19.0199
19.0199
19.0199
19.0199
19.0199
19.0199
19.0199
19.0199
19.0199
19.0199
19.0199
19.0199
19.0199
19.0199
19.0199
19.0199
19.0199
19.0199
19.0199
19.0199
19.0199
19.0199
19.0199
19.0199
19.0199
19.0199
19.0199
19.0199
19.0199
19.0199
19.0199
19.0199
19.0199
19.0199
19.0199
19.0199
19.0199
19.0199
19.0199
19.0199
19.0199
19.0199
19.0199
19.0199
19.0199
19.0199
19.0199
19.0199
19.0199
19.0199
19.0199
19.0199
19.0199
19.0199
19.0199
19.0199
19.0199
19.0199
19.0199
19.0199
19.0199
19.0199
19.0199
19.0199
19.0199
19.0199
19.0199
19.0199
19.0199
19.0199
19.0199
19.0199
19.0199
19.0199
19.0199
19.0199
19.0199
19.0199
19.0199
19.0199
19.0199
19.0199
19.0199
19.0199
19.0198
19.0198
19.0198
19.0198
19.0198
19.0198
19.0198
19.0198
19.0198
19.0198
19.0198
19.0198
19.0198
19.0198
19.0198
19.0198
19.0198
19.0198
19.0198
19.0198
19.0198
19.0198
19.0197
19.0199
19.0197
19.0196
19.0191
19.0205
19.0085
18.9832
25.8707
23.5685
21.8533
20.826
20.1789
19.6091
19.0058
18.3958
17.8233
17.2979
16.8299
16.4321
16.1117
15.8702
15.7026
15.6002
15.5545
15.5591
15.6089
15.698
15.8181
15.9589
16.1101
16.2623
16.4085
16.544
16.666
16.7736
16.867
16.947
17.0149
17.0722
17.1203
17.1605
17.1941
17.2222
17.2456
17.2651
17.2813
17.2949
17.3063
17.3159
17.324
17.3308
17.3366
17.3417
17.346
17.3497
17.3529
17.3555
17.3578
17.3598
17.3615
17.3629
17.3642
17.3653
17.3662
17.367
17.3677
17.3683
17.3688
17.3693
17.3697
17.3701
17.3704
17.3706
17.3709
17.3711
17.3712
17.3714
17.3715
17.3717
17.3718
17.3718
17.3719
17.372
17.372
17.3721
17.3721
17.3722
17.3722
17.3722
17.3723
17.3723
17.3723
17.3723
17.3723
17.3723
17.3724
17.3724
17.3724
17.3724
17.3724
17.3724
17.3724
17.3724
17.3724
17.3724
17.3724
17.3724
17.3724
17.3724
17.3724
17.3724
17.3724
17.3724
17.3724
17.3724
17.3724
17.3724
17.3724
17.3724
17.3724
17.3724
17.3724
17.3724
17.3724
17.3724
17.3724
17.3724
17.3724
17.3724
17.3724
17.3724
17.3724
17.3724
17.3724
17.3724
17.3724
17.3724
17.3724
17.3724
17.3724
17.3724
17.3724
17.3724
17.3724
17.3724
17.3724
17.3724
17.3724
17.3724
17.3724
17.3724
17.3724
17.3724
17.3724
17.3724
17.3724
17.3724
17.3724
17.3724
17.3724
17.3724
17.3724
17.3724
17.3724
17.3724
17.3724
17.3724
17.3724
17.3724
17.3724
17.3724
17.3724
17.3724
17.3724
17.3724
17.3724
17.3724
17.3724
17.3724
17.3724
17.3724
17.3724
17.3724
17.3724
17.3724
17.3724
17.3724
17.3724
17.3724
17.3724
17.3724
17.3724
17.3724
17.3724
17.3724
17.3724
17.3724
17.3724
17.3724
17.3724
17.3724
17.3724
17.3724
17.3724
17.3724
17.3724
17.3724
17.3724
17.3724
17.3724
17.3724
17.3724
17.3724
17.3724
17.3724
17.3724
17.3724
17.3724
17.3724
17.3724
17.3724
17.3724
17.3724
17.3724
17.3724
17.3724
17.3724
17.3724
17.3724
17.3724
17.3724
17.3724
17.3724
17.3724
17.3724
17.3724
17.3724
17.3724
17.3724
17.3724
17.3724
17.3724
17.3724
17.3724
17.3724
17.3724
17.3724
17.3724
17.3724
17.3724
17.3724
17.3724
17.3724
17.3724
17.3724
17.3724
17.3724
17.3724
17.3724
17.3724
17.3724
17.3724
17.3724
17.3724
17.3724
17.3724
17.3724
17.3724
17.3724
17.3724
17.3724
17.3724
17.3724
17.3724
17.3724
17.3724
17.3724
17.3724
17.3724
17.3724
17.3724
17.3724
17.3724
17.3724
17.3724
17.3724
17.3724
17.3724
17.3724
17.3724
17.3724
17.3724
17.3724
17.3724
17.3724
17.3724
17.3724
17.3724
17.3724
17.3724
17.3724
17.3724
17.3724
17.3724
17.3724
17.3724
17.3724
17.3724
17.3724
17.3724
17.3724
17.3724
17.3724
17.3724
17.3724
17.3724
17.3724
17.3724
17.3724
17.3724
17.3724
17.3724
17.3724
17.3724
17.3724
17.3724
17.3724
17.3724
17.3724
17.3724
17.3724
17.3724
17.3724
17.3724
17.3724
17.3724
17.3724
17.3724
17.3724
17.3724
17.3724
17.3724
17.3724
17.3724
17.3724
17.3724
17.3724
17.3724
17.3724
17.3724
17.3724
17.3724
17.3724
17.3724
17.3724
17.3724
17.3724
17.3724
17.3724
17.3724
17.3724
17.3724
17.3724
17.3724
17.3724
17.3724
17.3724
17.3724
17.3724
17.3724
17.3724
17.3724
17.3724
17.3724
17.3724
17.3724
17.3724
17.3724
17.3724
17.3724
17.3724
17.3724
17.3724
17.3724
17.3724
17.3724
17.3724
17.3724
17.3724
17.3724
17.3724
17.3724
17.3724
17.3724
17.3724
17.3724
17.3724
17.3724
17.3724
17.3724
17.3724
17.3724
17.3724
17.3724
17.3724
17.3724
17.3724
17.3724
17.3724
17.3724
17.3724
17.3724
17.3724
17.3724
17.3724
17.3724
17.3724
17.3724
17.3724
17.3724
17.3724
17.3724
17.3724
17.3724
17.3724
17.3724
17.3724
17.3724
17.3724
17.3724
17.3724
17.3724
17.3724
17.3724
17.3724
17.3724
17.3724
17.3724
17.3724
17.3724
17.3724
17.3724
17.3724
17.3724
17.3724
17.3724
17.3724
17.3724
17.3724
17.3724
17.3724
17.3724
17.3724
17.3724
17.3724
17.3724
17.3724
17.3724
17.3724
17.3724
17.3724
17.3724
17.3724
17.3724
17.3724
17.3724
17.3724
17.3724
17.3724
17.3724
17.3724
17.3724
17.3724
17.3724
17.3724
17.3724
17.3724
17.3724
17.3724
17.3724
17.3724
17.3723
17.3723
17.3723
17.3723
17.3723
17.3723
17.3723
17.3723
17.3723
17.3723
17.3723
17.3723
17.3723
17.3723
17.3723
17.3723
17.3723
17.3723
17.3723
17.3724
17.3725
17.373
17.3744
17.379
17.367
17.2738
)
;
    }
}


// ************************************************************************* //
