6.309573444801930236e+03 5.053583931188320583e-02
8.208914159638254205e+03 4.163079407789427311e-02
# Re > 1e4
1.068000432514575550e+04 3.402959131292795925e-02
1.389495494373135989e+04 2.819560990082460236e-02
1.807768676963434336e+04 2.636832084258934270e-02
2.351952635070956603e+04 2.475956135342664149e-02
3.059949687207195893e+04 2.328249486885235892e-02
3.981071705534969078e+04 2.192463199746668909e-02
5.179474679231212940e+04 2.067532222535002975e-02
6.738627168030940811e+04 1.952498675282210092e-02
8.767123872968686919e+04 1.846612743672820800e-02
1.140624923851320345e+05 1.749029896133028408e-02
1.483981788967563189e+05 1.656865302485509284e-02
1.995262314968878927e+05 1.565086102653538355e-02
2.585234839562188718e+05 1.489538505297757429e-02
3.349654391578279319e+05 1.419192343846648920e-02
4.340102636447440018e+05 1.353549349624658116e-02
5.623413251903491328e+05 1.292220493940565880e-02
7.286181745132274227e+05 1.234882670087724711e-02
9.440608762859225972e+05 1.181270004836743916e-02
1.223207119049932575e+06 1.131164060357867790e-02
1.584893192461114144e+06 1.097283685052417336e-02